/*--------------------------------*- C++ -*----------------------------------*\
| =========                 |                                                 |
| \\      /  F ield         | OpenFOAM: The Open Source CFD Toolbox           |
|  \\    /   O peration     | Version:  2406                                  |
|   \\  /    A nd           | Website:  www.openfoam.com                      |
|    \\/     M anipulation  |                                                 |
\*---------------------------------------------------------------------------*/
FoamFile
{
    version     2.0;
    format      ascii;
    arch        "LSB;label=32;scalar=64";
    note        "nPoints:3232  nCells:1500  nFaces:6115  nInternalFaces:2885";
    class       labelList;
    location    "constant/innerWall/polyMesh";
    object      neighbour;
}
// * * * * * * * * * * * * * * * * * * * * * * * * * * * * * * * * * * * * * //


2885
(
1
100
2
101
3
102
4
103
5
104
6
105
7
106
8
107
9
108
10
109
11
110
12
111
13
112
14
113
15
114
16
115
17
116
18
117
19
118
20
119
21
120
22
121
23
122
24
123
25
124
26
125
27
126
28
127
29
128
30
129
31
130
32
131
33
132
34
133
35
134
36
135
37
136
38
137
39
138
40
139
41
140
42
141
43
142
44
143
45
144
46
145
47
146
48
147
49
148
50
149
51
150
52
151
53
152
54
153
55
154
56
155
57
156
58
157
59
158
60
159
61
160
62
161
63
162
64
163
65
164
66
165
67
166
68
167
69
168
70
169
71
170
72
171
73
172
74
173
75
174
76
175
77
176
78
177
79
178
80
179
81
180
82
181
83
182
84
183
85
184
86
185
87
186
88
187
89
188
90
189
91
190
92
191
93
192
94
193
95
194
96
195
97
196
98
197
99
198
199
101
200
102
201
103
202
104
203
105
204
106
205
107
206
108
207
109
208
110
209
111
210
112
211
113
212
114
213
115
214
116
215
117
216
118
217
119
218
120
219
121
220
122
221
123
222
124
223
125
224
126
225
127
226
128
227
129
228
130
229
131
230
132
231
133
232
134
233
135
234
136
235
137
236
138
237
139
238
140
239
141
240
142
241
143
242
144
243
145
244
146
245
147
246
148
247
149
248
150
249
151
250
152
251
153
252
154
253
155
254
156
255
157
256
158
257
159
258
160
259
161
260
162
261
163
262
164
263
165
264
166
265
167
266
168
267
169
268
170
269
171
270
172
271
173
272
174
273
175
274
176
275
177
276
178
277
179
278
180
279
181
280
182
281
183
282
184
283
185
284
186
285
187
286
188
287
189
288
190
289
191
290
192
291
193
292
194
293
195
294
196
295
197
296
198
297
199
298
299
201
300
202
301
203
302
204
303
205
304
206
305
207
306
208
307
209
308
210
309
211
310
212
311
213
312
214
313
215
314
216
315
217
316
218
317
219
318
220
319
221
320
222
321
223
322
224
323
225
324
226
325
227
326
228
327
229
328
230
329
231
330
232
331
233
332
234
333
235
334
236
335
237
336
238
337
239
338
240
339
241
340
242
341
243
342
244
343
245
344
246
345
247
346
248
347
249
348
250
349
251
350
252
351
253
352
254
353
255
354
256
355
257
356
258
357
259
358
260
359
261
360
262
361
263
362
264
363
265
364
266
365
267
366
268
367
269
368
270
369
271
370
272
371
273
372
274
373
275
374
276
375
277
376
278
377
279
378
280
379
281
380
282
381
283
382
284
383
285
384
286
385
287
386
288
387
289
388
290
389
291
390
292
391
293
392
294
393
295
394
296
395
297
396
298
397
299
398
399
301
400
302
401
303
402
304
403
305
404
306
405
307
406
308
407
309
408
310
409
311
410
312
411
313
412
314
413
315
414
316
415
317
416
318
417
319
418
320
419
321
420
322
421
323
422
324
423
325
424
326
425
327
426
328
427
329
428
330
429
331
430
332
431
333
432
334
433
335
434
336
435
337
436
338
437
339
438
340
439
341
440
342
441
343
442
344
443
345
444
346
445
347
446
348
447
349
448
350
449
351
450
352
451
353
452
354
453
355
454
356
455
357
456
358
457
359
458
360
459
361
460
362
461
363
462
364
463
365
464
366
465
367
466
368
467
369
468
370
469
371
470
372
471
373
472
374
473
375
474
376
475
377
476
378
477
379
478
380
479
381
480
382
481
383
482
384
483
385
484
386
485
387
486
388
487
389
488
390
489
391
490
392
491
393
492
394
493
395
494
396
495
397
496
398
497
399
498
499
401
500
402
501
403
502
404
503
405
504
406
505
407
506
408
507
409
508
410
509
411
510
412
511
413
512
414
513
415
514
416
515
417
516
418
517
419
518
420
519
421
520
422
521
423
522
424
523
425
524
426
525
427
526
428
527
429
528
430
529
431
530
432
531
433
532
434
533
435
534
436
535
437
536
438
537
439
538
440
539
441
540
442
541
443
542
444
543
445
544
446
545
447
546
448
547
449
548
450
549
451
550
452
551
453
552
454
553
455
554
456
555
457
556
458
557
459
558
460
559
461
560
462
561
463
562
464
563
465
564
466
565
467
566
468
567
469
568
470
569
471
570
472
571
473
572
474
573
475
574
476
575
477
576
478
577
479
578
480
579
481
580
482
581
483
582
484
583
485
584
486
585
487
586
488
587
489
588
490
589
491
590
492
591
493
592
494
593
495
594
496
595
497
596
498
597
499
598
599
501
600
502
601
503
602
504
603
505
604
506
605
507
606
508
607
509
608
510
609
511
610
512
611
513
612
514
613
515
614
516
615
517
616
518
617
519
618
520
619
521
620
522
621
523
622
524
623
525
624
526
625
527
626
528
627
529
628
530
629
531
630
532
631
533
632
534
633
535
634
536
635
537
636
538
637
539
638
540
639
541
640
542
641
543
642
544
643
545
644
546
645
547
646
548
647
549
648
550
649
551
650
552
651
553
652
554
653
555
654
556
655
557
656
558
657
559
658
560
659
561
660
562
661
563
662
564
663
565
664
566
665
567
666
568
667
569
668
570
669
571
670
572
671
573
672
574
673
575
674
576
675
577
676
578
677
579
678
580
679
581
680
582
681
583
682
584
683
585
684
586
685
587
686
588
687
589
688
590
689
591
690
592
691
593
692
594
693
595
694
596
695
597
696
598
697
599
698
699
601
700
602
701
603
702
604
703
605
704
606
705
607
706
608
707
609
708
610
709
611
710
612
711
613
712
614
713
615
714
616
715
617
716
618
717
619
718
620
719
621
720
622
721
623
722
624
723
625
724
626
725
627
726
628
727
629
728
630
729
631
730
632
731
633
732
634
733
635
734
636
735
637
736
638
737
639
738
640
739
641
740
642
741
643
742
644
743
645
744
646
745
647
746
648
747
649
748
650
749
651
750
652
751
653
752
654
753
655
754
656
755
657
756
658
757
659
758
660
759
661
760
662
761
663
762
664
763
665
764
666
765
667
766
668
767
669
768
670
769
671
770
672
771
673
772
674
773
675
774
676
775
677
776
678
777
679
778
680
779
681
780
682
781
683
782
684
783
685
784
686
785
687
786
688
787
689
788
690
789
691
790
692
791
693
792
694
793
695
794
696
795
697
796
698
797
699
798
799
701
800
702
801
703
802
704
803
705
804
706
805
707
806
708
807
709
808
710
809
711
810
712
811
713
812
714
813
715
814
716
815
717
816
718
817
719
818
720
819
721
820
722
821
723
822
724
823
725
824
726
825
727
826
728
827
729
828
730
829
731
830
732
831
733
832
734
833
735
834
736
835
737
836
738
837
739
838
740
839
741
840
742
841
743
842
744
843
745
844
746
845
747
846
748
847
749
848
750
849
751
850
752
851
753
852
754
853
755
854
756
855
757
856
758
857
759
858
760
859
761
860
762
861
763
862
764
863
765
864
766
865
767
866
768
867
769
868
770
869
771
870
772
871
773
872
774
873
775
874
776
875
777
876
778
877
779
878
780
879
781
880
782
881
783
882
784
883
785
884
786
885
787
886
788
887
789
888
790
889
791
890
792
891
793
892
794
893
795
894
796
895
797
896
798
897
799
898
899
801
900
802
901
803
902
804
903
805
904
806
905
807
906
808
907
809
908
810
909
811
910
812
911
813
912
814
913
815
914
816
915
817
916
818
917
819
918
820
919
821
920
822
921
823
922
824
923
825
924
826
925
827
926
828
927
829
928
830
929
831
930
832
931
833
932
834
933
835
934
836
935
837
936
838
937
839
938
840
939
841
940
842
941
843
942
844
943
845
944
846
945
847
946
848
947
849
948
850
949
851
950
852
951
853
952
854
953
855
954
856
955
857
956
858
957
859
958
860
959
861
960
862
961
863
962
864
963
865
964
866
965
867
966
868
967
869
968
870
969
871
970
872
971
873
972
874
973
875
974
876
975
877
976
878
977
879
978
880
979
881
980
882
981
883
982
884
983
885
984
886
985
887
986
888
987
889
988
890
989
891
990
892
991
893
992
894
993
895
994
896
995
897
996
898
997
899
998
999
901
1000
902
1001
903
1002
904
1003
905
1004
906
1005
907
1006
908
1007
909
1008
910
1009
911
1010
912
1011
913
1012
914
1013
915
1014
916
1015
917
1016
918
1017
919
1018
920
1019
921
1020
922
1021
923
1022
924
1023
925
1024
926
1025
927
1026
928
1027
929
1028
930
1029
931
1030
932
1031
933
1032
934
1033
935
1034
936
1035
937
1036
938
1037
939
1038
940
1039
941
1040
942
1041
943
1042
944
1043
945
1044
946
1045
947
1046
948
1047
949
1048
950
1049
951
1050
952
1051
953
1052
954
1053
955
1054
956
1055
957
1056
958
1057
959
1058
960
1059
961
1060
962
1061
963
1062
964
1063
965
1064
966
1065
967
1066
968
1067
969
1068
970
1069
971
1070
972
1071
973
1072
974
1073
975
1074
976
1075
977
1076
978
1077
979
1078
980
1079
981
1080
982
1081
983
1082
984
1083
985
1084
986
1085
987
1086
988
1087
989
1088
990
1089
991
1090
992
1091
993
1092
994
1093
995
1094
996
1095
997
1096
998
1097
999
1098
1099
1001
1100
1002
1101
1003
1102
1004
1103
1005
1104
1006
1105
1007
1106
1008
1107
1009
1108
1010
1109
1011
1110
1012
1111
1013
1112
1014
1113
1015
1114
1016
1115
1017
1116
1018
1117
1019
1118
1020
1119
1021
1120
1022
1121
1023
1122
1024
1123
1025
1124
1026
1125
1027
1126
1028
1127
1029
1128
1030
1129
1031
1130
1032
1131
1033
1132
1034
1133
1035
1134
1036
1135
1037
1136
1038
1137
1039
1138
1040
1139
1041
1140
1042
1141
1043
1142
1044
1143
1045
1144
1046
1145
1047
1146
1048
1147
1049
1148
1050
1149
1051
1150
1052
1151
1053
1152
1054
1153
1055
1154
1056
1155
1057
1156
1058
1157
1059
1158
1060
1159
1061
1160
1062
1161
1063
1162
1064
1163
1065
1164
1066
1165
1067
1166
1068
1167
1069
1168
1070
1169
1071
1170
1072
1171
1073
1172
1074
1173
1075
1174
1076
1175
1077
1176
1078
1177
1079
1178
1080
1179
1081
1180
1082
1181
1083
1182
1084
1183
1085
1184
1086
1185
1087
1186
1088
1187
1089
1188
1090
1189
1091
1190
1092
1191
1093
1192
1094
1193
1095
1194
1096
1195
1097
1196
1098
1197
1099
1198
1199
1101
1200
1102
1201
1103
1202
1104
1203
1105
1204
1106
1205
1107
1206
1108
1207
1109
1208
1110
1209
1111
1210
1112
1211
1113
1212
1114
1213
1115
1214
1116
1215
1117
1216
1118
1217
1119
1218
1120
1219
1121
1220
1122
1221
1123
1222
1124
1223
1125
1224
1126
1225
1127
1226
1128
1227
1129
1228
1130
1229
1131
1230
1132
1231
1133
1232
1134
1233
1135
1234
1136
1235
1137
1236
1138
1237
1139
1238
1140
1239
1141
1240
1142
1241
1143
1242
1144
1243
1145
1244
1146
1245
1147
1246
1148
1247
1149
1248
1150
1249
1151
1250
1152
1251
1153
1252
1154
1253
1155
1254
1156
1255
1157
1256
1158
1257
1159
1258
1160
1259
1161
1260
1162
1261
1163
1262
1164
1263
1165
1264
1166
1265
1167
1266
1168
1267
1169
1268
1170
1269
1171
1270
1172
1271
1173
1272
1174
1273
1175
1274
1176
1275
1177
1276
1178
1277
1179
1278
1180
1279
1181
1280
1182
1281
1183
1282
1184
1283
1185
1284
1186
1285
1187
1286
1188
1287
1189
1288
1190
1289
1191
1290
1192
1291
1193
1292
1194
1293
1195
1294
1196
1295
1197
1296
1198
1297
1199
1298
1299
1201
1300
1202
1301
1203
1302
1204
1303
1205
1304
1206
1305
1207
1306
1208
1307
1209
1308
1210
1309
1211
1310
1212
1311
1213
1312
1214
1313
1215
1314
1216
1315
1217
1316
1218
1317
1219
1318
1220
1319
1221
1320
1222
1321
1223
1322
1224
1323
1225
1324
1226
1325
1227
1326
1228
1327
1229
1328
1230
1329
1231
1330
1232
1331
1233
1332
1234
1333
1235
1334
1236
1335
1237
1336
1238
1337
1239
1338
1240
1339
1241
1340
1242
1341
1243
1342
1244
1343
1245
1344
1246
1345
1247
1346
1248
1347
1249
1348
1250
1349
1251
1350
1252
1351
1253
1352
1254
1353
1255
1354
1256
1355
1257
1356
1258
1357
1259
1358
1260
1359
1261
1360
1262
1361
1263
1362
1264
1363
1265
1364
1266
1365
1267
1366
1268
1367
1269
1368
1270
1369
1271
1370
1272
1371
1273
1372
1274
1373
1275
1374
1276
1375
1277
1376
1278
1377
1279
1378
1280
1379
1281
1380
1282
1381
1283
1382
1284
1383
1285
1384
1286
1385
1287
1386
1288
1387
1289
1388
1290
1389
1291
1390
1292
1391
1293
1392
1294
1393
1295
1394
1296
1395
1297
1396
1298
1397
1299
1398
1399
1301
1400
1302
1401
1303
1402
1304
1403
1305
1404
1306
1405
1307
1406
1308
1407
1309
1408
1310
1409
1311
1410
1312
1411
1313
1412
1314
1413
1315
1414
1316
1415
1317
1416
1318
1417
1319
1418
1320
1419
1321
1420
1322
1421
1323
1422
1324
1423
1325
1424
1326
1425
1327
1426
1328
1427
1329
1428
1330
1429
1331
1430
1332
1431
1333
1432
1334
1433
1335
1434
1336
1435
1337
1436
1338
1437
1339
1438
1340
1439
1341
1440
1342
1441
1343
1442
1344
1443
1345
1444
1346
1445
1347
1446
1348
1447
1349
1448
1350
1449
1351
1450
1352
1451
1353
1452
1354
1453
1355
1454
1356
1455
1357
1456
1358
1457
1359
1458
1360
1459
1361
1460
1362
1461
1363
1462
1364
1463
1365
1464
1366
1465
1367
1466
1368
1467
1369
1468
1370
1469
1371
1470
1372
1471
1373
1472
1374
1473
1375
1474
1376
1475
1377
1476
1378
1477
1379
1478
1380
1479
1381
1480
1382
1481
1383
1482
1384
1483
1385
1484
1386
1485
1387
1486
1388
1487
1389
1488
1390
1489
1391
1490
1392
1491
1393
1492
1394
1493
1395
1494
1396
1495
1397
1496
1398
1497
1399
1498
1499
1401
1402
1403
1404
1405
1406
1407
1408
1409
1410
1411
1412
1413
1414
1415
1416
1417
1418
1419
1420
1421
1422
1423
1424
1425
1426
1427
1428
1429
1430
1431
1432
1433
1434
1435
1436
1437
1438
1439
1440
1441
1442
1443
1444
1445
1446
1447
1448
1449
1450
1451
1452
1453
1454
1455
1456
1457
1458
1459
1460
1461
1462
1463
1464
1465
1466
1467
1468
1469
1470
1471
1472
1473
1474
1475
1476
1477
1478
1479
1480
1481
1482
1483
1484
1485
1486
1487
1488
1489
1490
1491
1492
1493
1494
1495
1496
1497
1498
1499
)


// ************************************************************************* //
