/*--------------------------------*- C++ -*----------------------------------*\
| =========                 |                                                 |
| \\      /  F ield         | OpenFOAM: The Open Source CFD Toolbox           |
|  \\    /   O peration     | Version:  2406                                  |
|   \\  /    A nd           | Website:  www.openfoam.com                      |
|    \\/     M anipulation  |                                                 |
\*---------------------------------------------------------------------------*/
FoamFile
{
    version     2.0;
    format      ascii;
    arch        "LSB;label=32;scalar=64";
    note        "nPoints:3232  nCells:1500  nFaces:6115  nInternalFaces:2885";
    class       labelList;
    location    "constant/innerWall/polyMesh";
    object      owner;
}
// * * * * * * * * * * * * * * * * * * * * * * * * * * * * * * * * * * * * * //


6115
(
0
0
1
1
2
2
3
3
4
4
5
5
6
6
7
7
8
8
9
9
10
10
11
11
12
12
13
13
14
14
15
15
16
16
17
17
18
18
19
19
20
20
21
21
22
22
23
23
24
24
25
25
26
26
27
27
28
28
29
29
30
30
31
31
32
32
33
33
34
34
35
35
36
36
37
37
38
38
39
39
40
40
41
41
42
42
43
43
44
44
45
45
46
46
47
47
48
48
49
49
50
50
51
51
52
52
53
53
54
54
55
55
56
56
57
57
58
58
59
59
60
60
61
61
62
62
63
63
64
64
65
65
66
66
67
67
68
68
69
69
70
70
71
71
72
72
73
73
74
74
75
75
76
76
77
77
78
78
79
79
80
80
81
81
82
82
83
83
84
84
85
85
86
86
87
87
88
88
89
89
90
90
91
91
92
92
93
93
94
94
95
95
96
96
97
97
98
98
99
100
100
101
101
102
102
103
103
104
104
105
105
106
106
107
107
108
108
109
109
110
110
111
111
112
112
113
113
114
114
115
115
116
116
117
117
118
118
119
119
120
120
121
121
122
122
123
123
124
124
125
125
126
126
127
127
128
128
129
129
130
130
131
131
132
132
133
133
134
134
135
135
136
136
137
137
138
138
139
139
140
140
141
141
142
142
143
143
144
144
145
145
146
146
147
147
148
148
149
149
150
150
151
151
152
152
153
153
154
154
155
155
156
156
157
157
158
158
159
159
160
160
161
161
162
162
163
163
164
164
165
165
166
166
167
167
168
168
169
169
170
170
171
171
172
172
173
173
174
174
175
175
176
176
177
177
178
178
179
179
180
180
181
181
182
182
183
183
184
184
185
185
186
186
187
187
188
188
189
189
190
190
191
191
192
192
193
193
194
194
195
195
196
196
197
197
198
198
199
200
200
201
201
202
202
203
203
204
204
205
205
206
206
207
207
208
208
209
209
210
210
211
211
212
212
213
213
214
214
215
215
216
216
217
217
218
218
219
219
220
220
221
221
222
222
223
223
224
224
225
225
226
226
227
227
228
228
229
229
230
230
231
231
232
232
233
233
234
234
235
235
236
236
237
237
238
238
239
239
240
240
241
241
242
242
243
243
244
244
245
245
246
246
247
247
248
248
249
249
250
250
251
251
252
252
253
253
254
254
255
255
256
256
257
257
258
258
259
259
260
260
261
261
262
262
263
263
264
264
265
265
266
266
267
267
268
268
269
269
270
270
271
271
272
272
273
273
274
274
275
275
276
276
277
277
278
278
279
279
280
280
281
281
282
282
283
283
284
284
285
285
286
286
287
287
288
288
289
289
290
290
291
291
292
292
293
293
294
294
295
295
296
296
297
297
298
298
299
300
300
301
301
302
302
303
303
304
304
305
305
306
306
307
307
308
308
309
309
310
310
311
311
312
312
313
313
314
314
315
315
316
316
317
317
318
318
319
319
320
320
321
321
322
322
323
323
324
324
325
325
326
326
327
327
328
328
329
329
330
330
331
331
332
332
333
333
334
334
335
335
336
336
337
337
338
338
339
339
340
340
341
341
342
342
343
343
344
344
345
345
346
346
347
347
348
348
349
349
350
350
351
351
352
352
353
353
354
354
355
355
356
356
357
357
358
358
359
359
360
360
361
361
362
362
363
363
364
364
365
365
366
366
367
367
368
368
369
369
370
370
371
371
372
372
373
373
374
374
375
375
376
376
377
377
378
378
379
379
380
380
381
381
382
382
383
383
384
384
385
385
386
386
387
387
388
388
389
389
390
390
391
391
392
392
393
393
394
394
395
395
396
396
397
397
398
398
399
400
400
401
401
402
402
403
403
404
404
405
405
406
406
407
407
408
408
409
409
410
410
411
411
412
412
413
413
414
414
415
415
416
416
417
417
418
418
419
419
420
420
421
421
422
422
423
423
424
424
425
425
426
426
427
427
428
428
429
429
430
430
431
431
432
432
433
433
434
434
435
435
436
436
437
437
438
438
439
439
440
440
441
441
442
442
443
443
444
444
445
445
446
446
447
447
448
448
449
449
450
450
451
451
452
452
453
453
454
454
455
455
456
456
457
457
458
458
459
459
460
460
461
461
462
462
463
463
464
464
465
465
466
466
467
467
468
468
469
469
470
470
471
471
472
472
473
473
474
474
475
475
476
476
477
477
478
478
479
479
480
480
481
481
482
482
483
483
484
484
485
485
486
486
487
487
488
488
489
489
490
490
491
491
492
492
493
493
494
494
495
495
496
496
497
497
498
498
499
500
500
501
501
502
502
503
503
504
504
505
505
506
506
507
507
508
508
509
509
510
510
511
511
512
512
513
513
514
514
515
515
516
516
517
517
518
518
519
519
520
520
521
521
522
522
523
523
524
524
525
525
526
526
527
527
528
528
529
529
530
530
531
531
532
532
533
533
534
534
535
535
536
536
537
537
538
538
539
539
540
540
541
541
542
542
543
543
544
544
545
545
546
546
547
547
548
548
549
549
550
550
551
551
552
552
553
553
554
554
555
555
556
556
557
557
558
558
559
559
560
560
561
561
562
562
563
563
564
564
565
565
566
566
567
567
568
568
569
569
570
570
571
571
572
572
573
573
574
574
575
575
576
576
577
577
578
578
579
579
580
580
581
581
582
582
583
583
584
584
585
585
586
586
587
587
588
588
589
589
590
590
591
591
592
592
593
593
594
594
595
595
596
596
597
597
598
598
599
600
600
601
601
602
602
603
603
604
604
605
605
606
606
607
607
608
608
609
609
610
610
611
611
612
612
613
613
614
614
615
615
616
616
617
617
618
618
619
619
620
620
621
621
622
622
623
623
624
624
625
625
626
626
627
627
628
628
629
629
630
630
631
631
632
632
633
633
634
634
635
635
636
636
637
637
638
638
639
639
640
640
641
641
642
642
643
643
644
644
645
645
646
646
647
647
648
648
649
649
650
650
651
651
652
652
653
653
654
654
655
655
656
656
657
657
658
658
659
659
660
660
661
661
662
662
663
663
664
664
665
665
666
666
667
667
668
668
669
669
670
670
671
671
672
672
673
673
674
674
675
675
676
676
677
677
678
678
679
679
680
680
681
681
682
682
683
683
684
684
685
685
686
686
687
687
688
688
689
689
690
690
691
691
692
692
693
693
694
694
695
695
696
696
697
697
698
698
699
700
700
701
701
702
702
703
703
704
704
705
705
706
706
707
707
708
708
709
709
710
710
711
711
712
712
713
713
714
714
715
715
716
716
717
717
718
718
719
719
720
720
721
721
722
722
723
723
724
724
725
725
726
726
727
727
728
728
729
729
730
730
731
731
732
732
733
733
734
734
735
735
736
736
737
737
738
738
739
739
740
740
741
741
742
742
743
743
744
744
745
745
746
746
747
747
748
748
749
749
750
750
751
751
752
752
753
753
754
754
755
755
756
756
757
757
758
758
759
759
760
760
761
761
762
762
763
763
764
764
765
765
766
766
767
767
768
768
769
769
770
770
771
771
772
772
773
773
774
774
775
775
776
776
777
777
778
778
779
779
780
780
781
781
782
782
783
783
784
784
785
785
786
786
787
787
788
788
789
789
790
790
791
791
792
792
793
793
794
794
795
795
796
796
797
797
798
798
799
800
800
801
801
802
802
803
803
804
804
805
805
806
806
807
807
808
808
809
809
810
810
811
811
812
812
813
813
814
814
815
815
816
816
817
817
818
818
819
819
820
820
821
821
822
822
823
823
824
824
825
825
826
826
827
827
828
828
829
829
830
830
831
831
832
832
833
833
834
834
835
835
836
836
837
837
838
838
839
839
840
840
841
841
842
842
843
843
844
844
845
845
846
846
847
847
848
848
849
849
850
850
851
851
852
852
853
853
854
854
855
855
856
856
857
857
858
858
859
859
860
860
861
861
862
862
863
863
864
864
865
865
866
866
867
867
868
868
869
869
870
870
871
871
872
872
873
873
874
874
875
875
876
876
877
877
878
878
879
879
880
880
881
881
882
882
883
883
884
884
885
885
886
886
887
887
888
888
889
889
890
890
891
891
892
892
893
893
894
894
895
895
896
896
897
897
898
898
899
900
900
901
901
902
902
903
903
904
904
905
905
906
906
907
907
908
908
909
909
910
910
911
911
912
912
913
913
914
914
915
915
916
916
917
917
918
918
919
919
920
920
921
921
922
922
923
923
924
924
925
925
926
926
927
927
928
928
929
929
930
930
931
931
932
932
933
933
934
934
935
935
936
936
937
937
938
938
939
939
940
940
941
941
942
942
943
943
944
944
945
945
946
946
947
947
948
948
949
949
950
950
951
951
952
952
953
953
954
954
955
955
956
956
957
957
958
958
959
959
960
960
961
961
962
962
963
963
964
964
965
965
966
966
967
967
968
968
969
969
970
970
971
971
972
972
973
973
974
974
975
975
976
976
977
977
978
978
979
979
980
980
981
981
982
982
983
983
984
984
985
985
986
986
987
987
988
988
989
989
990
990
991
991
992
992
993
993
994
994
995
995
996
996
997
997
998
998
999
1000
1000
1001
1001
1002
1002
1003
1003
1004
1004
1005
1005
1006
1006
1007
1007
1008
1008
1009
1009
1010
1010
1011
1011
1012
1012
1013
1013
1014
1014
1015
1015
1016
1016
1017
1017
1018
1018
1019
1019
1020
1020
1021
1021
1022
1022
1023
1023
1024
1024
1025
1025
1026
1026
1027
1027
1028
1028
1029
1029
1030
1030
1031
1031
1032
1032
1033
1033
1034
1034
1035
1035
1036
1036
1037
1037
1038
1038
1039
1039
1040
1040
1041
1041
1042
1042
1043
1043
1044
1044
1045
1045
1046
1046
1047
1047
1048
1048
1049
1049
1050
1050
1051
1051
1052
1052
1053
1053
1054
1054
1055
1055
1056
1056
1057
1057
1058
1058
1059
1059
1060
1060
1061
1061
1062
1062
1063
1063
1064
1064
1065
1065
1066
1066
1067
1067
1068
1068
1069
1069
1070
1070
1071
1071
1072
1072
1073
1073
1074
1074
1075
1075
1076
1076
1077
1077
1078
1078
1079
1079
1080
1080
1081
1081
1082
1082
1083
1083
1084
1084
1085
1085
1086
1086
1087
1087
1088
1088
1089
1089
1090
1090
1091
1091
1092
1092
1093
1093
1094
1094
1095
1095
1096
1096
1097
1097
1098
1098
1099
1100
1100
1101
1101
1102
1102
1103
1103
1104
1104
1105
1105
1106
1106
1107
1107
1108
1108
1109
1109
1110
1110
1111
1111
1112
1112
1113
1113
1114
1114
1115
1115
1116
1116
1117
1117
1118
1118
1119
1119
1120
1120
1121
1121
1122
1122
1123
1123
1124
1124
1125
1125
1126
1126
1127
1127
1128
1128
1129
1129
1130
1130
1131
1131
1132
1132
1133
1133
1134
1134
1135
1135
1136
1136
1137
1137
1138
1138
1139
1139
1140
1140
1141
1141
1142
1142
1143
1143
1144
1144
1145
1145
1146
1146
1147
1147
1148
1148
1149
1149
1150
1150
1151
1151
1152
1152
1153
1153
1154
1154
1155
1155
1156
1156
1157
1157
1158
1158
1159
1159
1160
1160
1161
1161
1162
1162
1163
1163
1164
1164
1165
1165
1166
1166
1167
1167
1168
1168
1169
1169
1170
1170
1171
1171
1172
1172
1173
1173
1174
1174
1175
1175
1176
1176
1177
1177
1178
1178
1179
1179
1180
1180
1181
1181
1182
1182
1183
1183
1184
1184
1185
1185
1186
1186
1187
1187
1188
1188
1189
1189
1190
1190
1191
1191
1192
1192
1193
1193
1194
1194
1195
1195
1196
1196
1197
1197
1198
1198
1199
1200
1200
1201
1201
1202
1202
1203
1203
1204
1204
1205
1205
1206
1206
1207
1207
1208
1208
1209
1209
1210
1210
1211
1211
1212
1212
1213
1213
1214
1214
1215
1215
1216
1216
1217
1217
1218
1218
1219
1219
1220
1220
1221
1221
1222
1222
1223
1223
1224
1224
1225
1225
1226
1226
1227
1227
1228
1228
1229
1229
1230
1230
1231
1231
1232
1232
1233
1233
1234
1234
1235
1235
1236
1236
1237
1237
1238
1238
1239
1239
1240
1240
1241
1241
1242
1242
1243
1243
1244
1244
1245
1245
1246
1246
1247
1247
1248
1248
1249
1249
1250
1250
1251
1251
1252
1252
1253
1253
1254
1254
1255
1255
1256
1256
1257
1257
1258
1258
1259
1259
1260
1260
1261
1261
1262
1262
1263
1263
1264
1264
1265
1265
1266
1266
1267
1267
1268
1268
1269
1269
1270
1270
1271
1271
1272
1272
1273
1273
1274
1274
1275
1275
1276
1276
1277
1277
1278
1278
1279
1279
1280
1280
1281
1281
1282
1282
1283
1283
1284
1284
1285
1285
1286
1286
1287
1287
1288
1288
1289
1289
1290
1290
1291
1291
1292
1292
1293
1293
1294
1294
1295
1295
1296
1296
1297
1297
1298
1298
1299
1300
1300
1301
1301
1302
1302
1303
1303
1304
1304
1305
1305
1306
1306
1307
1307
1308
1308
1309
1309
1310
1310
1311
1311
1312
1312
1313
1313
1314
1314
1315
1315
1316
1316
1317
1317
1318
1318
1319
1319
1320
1320
1321
1321
1322
1322
1323
1323
1324
1324
1325
1325
1326
1326
1327
1327
1328
1328
1329
1329
1330
1330
1331
1331
1332
1332
1333
1333
1334
1334
1335
1335
1336
1336
1337
1337
1338
1338
1339
1339
1340
1340
1341
1341
1342
1342
1343
1343
1344
1344
1345
1345
1346
1346
1347
1347
1348
1348
1349
1349
1350
1350
1351
1351
1352
1352
1353
1353
1354
1354
1355
1355
1356
1356
1357
1357
1358
1358
1359
1359
1360
1360
1361
1361
1362
1362
1363
1363
1364
1364
1365
1365
1366
1366
1367
1367
1368
1368
1369
1369
1370
1370
1371
1371
1372
1372
1373
1373
1374
1374
1375
1375
1376
1376
1377
1377
1378
1378
1379
1379
1380
1380
1381
1381
1382
1382
1383
1383
1384
1384
1385
1385
1386
1386
1387
1387
1388
1388
1389
1389
1390
1390
1391
1391
1392
1392
1393
1393
1394
1394
1395
1395
1396
1396
1397
1397
1398
1398
1399
1400
1401
1402
1403
1404
1405
1406
1407
1408
1409
1410
1411
1412
1413
1414
1415
1416
1417
1418
1419
1420
1421
1422
1423
1424
1425
1426
1427
1428
1429
1430
1431
1432
1433
1434
1435
1436
1437
1438
1439
1440
1441
1442
1443
1444
1445
1446
1447
1448
1449
1450
1451
1452
1453
1454
1455
1456
1457
1458
1459
1460
1461
1462
1463
1464
1465
1466
1467
1468
1469
1470
1471
1472
1473
1474
1475
1476
1477
1478
1479
1480
1481
1482
1483
1484
1485
1486
1487
1488
1489
1490
1491
1492
1493
1494
1495
1496
1497
1498
1400
1401
1402
1403
1404
1405
1406
1407
1408
1409
1410
1411
1412
1413
1414
1415
1416
1417
1418
1419
1420
1421
1422
1423
1424
1425
1426
1427
1428
1429
1430
1431
1432
1433
1434
1435
1436
1437
1438
1439
1440
1441
1442
1443
1444
1445
1446
1447
1448
1449
1450
1451
1452
1453
1454
1455
1456
1457
1458
1459
1460
1461
1462
1463
1464
1465
1466
1467
1468
1469
1470
1471
1472
1473
1474
1475
1476
1477
1478
1479
1480
1481
1482
1483
1484
1485
1486
1487
1488
1489
1490
1491
1492
1493
1494
1495
1496
1497
1498
1499
0
100
200
300
400
500
600
700
800
900
1000
1100
1200
1300
1400
99
199
299
399
499
599
699
799
899
999
1099
1199
1299
1399
1499
0
100
200
300
400
500
600
700
800
900
1000
1100
1200
1300
1400
1
101
201
301
401
501
601
701
801
901
1001
1101
1201
1301
1401
2
102
202
302
402
502
602
702
802
902
1002
1102
1202
1302
1402
3
103
203
303
403
503
603
703
803
903
1003
1103
1203
1303
1403
4
104
204
304
404
504
604
704
804
904
1004
1104
1204
1304
1404
5
105
205
305
405
505
605
705
805
905
1005
1105
1205
1305
1405
6
106
206
306
406
506
606
706
806
906
1006
1106
1206
1306
1406
7
107
207
307
407
507
607
707
807
907
1007
1107
1207
1307
1407
8
108
208
308
408
508
608
708
808
908
1008
1108
1208
1308
1408
9
109
209
309
409
509
609
709
809
909
1009
1109
1209
1309
1409
10
110
210
310
410
510
610
710
810
910
1010
1110
1210
1310
1410
11
111
211
311
411
511
611
711
811
911
1011
1111
1211
1311
1411
12
112
212
312
412
512
612
712
812
912
1012
1112
1212
1312
1412
13
113
213
313
413
513
613
713
813
913
1013
1113
1213
1313
1413
14
114
214
314
414
514
614
714
814
914
1014
1114
1214
1314
1414
15
115
215
315
415
515
615
715
815
915
1015
1115
1215
1315
1415
16
116
216
316
416
516
616
716
816
916
1016
1116
1216
1316
1416
17
117
217
317
417
517
617
717
817
917
1017
1117
1217
1317
1417
18
118
218
318
418
518
618
718
818
918
1018
1118
1218
1318
1418
19
119
219
319
419
519
619
719
819
919
1019
1119
1219
1319
1419
20
120
220
320
420
520
620
720
820
920
1020
1120
1220
1320
1420
21
121
221
321
421
521
621
721
821
921
1021
1121
1221
1321
1421
22
122
222
322
422
522
622
722
822
922
1022
1122
1222
1322
1422
23
123
223
323
423
523
623
723
823
923
1023
1123
1223
1323
1423
24
124
224
324
424
524
624
724
824
924
1024
1124
1224
1324
1424
25
125
225
325
425
525
625
725
825
925
1025
1125
1225
1325
1425
26
126
226
326
426
526
626
726
826
926
1026
1126
1226
1326
1426
27
127
227
327
427
527
627
727
827
927
1027
1127
1227
1327
1427
28
128
228
328
428
528
628
728
828
928
1028
1128
1228
1328
1428
29
129
229
329
429
529
629
729
829
929
1029
1129
1229
1329
1429
30
130
230
330
430
530
630
730
830
930
1030
1130
1230
1330
1430
31
131
231
331
431
531
631
731
831
931
1031
1131
1231
1331
1431
32
132
232
332
432
532
632
732
832
932
1032
1132
1232
1332
1432
33
133
233
333
433
533
633
733
833
933
1033
1133
1233
1333
1433
34
134
234
334
434
534
634
734
834
934
1034
1134
1234
1334
1434
35
135
235
335
435
535
635
735
835
935
1035
1135
1235
1335
1435
36
136
236
336
436
536
636
736
836
936
1036
1136
1236
1336
1436
37
137
237
337
437
537
637
737
837
937
1037
1137
1237
1337
1437
38
138
238
338
438
538
638
738
838
938
1038
1138
1238
1338
1438
39
139
239
339
439
539
639
739
839
939
1039
1139
1239
1339
1439
40
140
240
340
440
540
640
740
840
940
1040
1140
1240
1340
1440
41
141
241
341
441
541
641
741
841
941
1041
1141
1241
1341
1441
42
142
242
342
442
542
642
742
842
942
1042
1142
1242
1342
1442
43
143
243
343
443
543
643
743
843
943
1043
1143
1243
1343
1443
44
144
244
344
444
544
644
744
844
944
1044
1144
1244
1344
1444
45
145
245
345
445
545
645
745
845
945
1045
1145
1245
1345
1445
46
146
246
346
446
546
646
746
846
946
1046
1146
1246
1346
1446
47
147
247
347
447
547
647
747
847
947
1047
1147
1247
1347
1447
48
148
248
348
448
548
648
748
848
948
1048
1148
1248
1348
1448
49
149
249
349
449
549
649
749
849
949
1049
1149
1249
1349
1449
50
150
250
350
450
550
650
750
850
950
1050
1150
1250
1350
1450
51
151
251
351
451
551
651
751
851
951
1051
1151
1251
1351
1451
52
152
252
352
452
552
652
752
852
952
1052
1152
1252
1352
1452
53
153
253
353
453
553
653
753
853
953
1053
1153
1253
1353
1453
54
154
254
354
454
554
654
754
854
954
1054
1154
1254
1354
1454
55
155
255
355
455
555
655
755
855
955
1055
1155
1255
1355
1455
56
156
256
356
456
556
656
756
856
956
1056
1156
1256
1356
1456
57
157
257
357
457
557
657
757
857
957
1057
1157
1257
1357
1457
58
158
258
358
458
558
658
758
858
958
1058
1158
1258
1358
1458
59
159
259
359
459
559
659
759
859
959
1059
1159
1259
1359
1459
60
160
260
360
460
560
660
760
860
960
1060
1160
1260
1360
1460
61
161
261
361
461
561
661
761
861
961
1061
1161
1261
1361
1461
62
162
262
362
462
562
662
762
862
962
1062
1162
1262
1362
1462
63
163
263
363
463
563
663
763
863
963
1063
1163
1263
1363
1463
64
164
264
364
464
564
664
764
864
964
1064
1164
1264
1364
1464
65
165
265
365
465
565
665
765
865
965
1065
1165
1265
1365
1465
66
166
266
366
466
566
666
766
866
966
1066
1166
1266
1366
1466
67
167
267
367
467
567
667
767
867
967
1067
1167
1267
1367
1467
68
168
268
368
468
568
668
768
868
968
1068
1168
1268
1368
1468
69
169
269
369
469
569
669
769
869
969
1069
1169
1269
1369
1469
70
170
270
370
470
570
670
770
870
970
1070
1170
1270
1370
1470
71
171
271
371
471
571
671
771
871
971
1071
1171
1271
1371
1471
72
172
272
372
472
572
672
772
872
972
1072
1172
1272
1372
1472
73
173
273
373
473
573
673
773
873
973
1073
1173
1273
1373
1473
74
174
274
374
474
574
674
774
874
974
1074
1174
1274
1374
1474
75
175
275
375
475
575
675
775
875
975
1075
1175
1275
1375
1475
76
176
276
376
476
576
676
776
876
976
1076
1176
1276
1376
1476
77
177
277
377
477
577
677
777
877
977
1077
1177
1277
1377
1477
78
178
278
378
478
578
678
778
878
978
1078
1178
1278
1378
1478
79
179
279
379
479
579
679
779
879
979
1079
1179
1279
1379
1479
80
180
280
380
480
580
680
780
880
980
1080
1180
1280
1380
1480
81
181
281
381
481
581
681
781
881
981
1081
1181
1281
1381
1481
82
182
282
382
482
582
682
782
882
982
1082
1182
1282
1382
1482
83
183
283
383
483
583
683
783
883
983
1083
1183
1283
1383
1483
84
184
284
384
484
584
684
784
884
984
1084
1184
1284
1384
1484
85
185
285
385
485
585
685
785
885
985
1085
1185
1285
1385
1485
86
186
286
386
486
586
686
786
886
986
1086
1186
1286
1386
1486
87
187
287
387
487
587
687
787
887
987
1087
1187
1287
1387
1487
88
188
288
388
488
588
688
788
888
988
1088
1188
1288
1388
1488
89
189
289
389
489
589
689
789
889
989
1089
1189
1289
1389
1489
90
190
290
390
490
590
690
790
890
990
1090
1190
1290
1390
1490
91
191
291
391
491
591
691
791
891
991
1091
1191
1291
1391
1491
92
192
292
392
492
592
692
792
892
992
1092
1192
1292
1392
1492
93
193
293
393
493
593
693
793
893
993
1093
1193
1293
1393
1493
94
194
294
394
494
594
694
794
894
994
1094
1194
1294
1394
1494
95
195
295
395
495
595
695
795
895
995
1095
1195
1295
1395
1495
96
196
296
396
496
596
696
796
896
996
1096
1196
1296
1396
1496
97
197
297
397
497
597
697
797
897
997
1097
1197
1297
1397
1497
98
198
298
398
498
598
698
798
898
998
1098
1198
1298
1398
1498
99
199
299
399
499
599
699
799
899
999
1099
1199
1299
1399
1499
0
100
200
300
400
500
600
700
800
900
1000
1100
1200
1300
1400
1
101
201
301
401
501
601
701
801
901
1001
1101
1201
1301
1401
2
102
202
302
402
502
602
702
802
902
1002
1102
1202
1302
1402
3
103
203
303
403
503
603
703
803
903
1003
1103
1203
1303
1403
4
104
204
304
404
504
604
704
804
904
1004
1104
1204
1304
1404
5
105
205
305
405
505
605
705
805
905
1005
1105
1205
1305
1405
6
106
206
306
406
506
606
706
806
906
1006
1106
1206
1306
1406
7
107
207
307
407
507
607
707
807
907
1007
1107
1207
1307
1407
8
108
208
308
408
508
608
708
808
908
1008
1108
1208
1308
1408
9
109
209
309
409
509
609
709
809
909
1009
1109
1209
1309
1409
10
110
210
310
410
510
610
710
810
910
1010
1110
1210
1310
1410
11
111
211
311
411
511
611
711
811
911
1011
1111
1211
1311
1411
12
112
212
312
412
512
612
712
812
912
1012
1112
1212
1312
1412
13
113
213
313
413
513
613
713
813
913
1013
1113
1213
1313
1413
14
114
214
314
414
514
614
714
814
914
1014
1114
1214
1314
1414
15
115
215
315
415
515
615
715
815
915
1015
1115
1215
1315
1415
16
116
216
316
416
516
616
716
816
916
1016
1116
1216
1316
1416
17
117
217
317
417
517
617
717
817
917
1017
1117
1217
1317
1417
18
118
218
318
418
518
618
718
818
918
1018
1118
1218
1318
1418
19
119
219
319
419
519
619
719
819
919
1019
1119
1219
1319
1419
20
120
220
320
420
520
620
720
820
920
1020
1120
1220
1320
1420
21
121
221
321
421
521
621
721
821
921
1021
1121
1221
1321
1421
22
122
222
322
422
522
622
722
822
922
1022
1122
1222
1322
1422
23
123
223
323
423
523
623
723
823
923
1023
1123
1223
1323
1423
24
124
224
324
424
524
624
724
824
924
1024
1124
1224
1324
1424
25
125
225
325
425
525
625
725
825
925
1025
1125
1225
1325
1425
26
126
226
326
426
526
626
726
826
926
1026
1126
1226
1326
1426
27
127
227
327
427
527
627
727
827
927
1027
1127
1227
1327
1427
28
128
228
328
428
528
628
728
828
928
1028
1128
1228
1328
1428
29
129
229
329
429
529
629
729
829
929
1029
1129
1229
1329
1429
30
130
230
330
430
530
630
730
830
930
1030
1130
1230
1330
1430
31
131
231
331
431
531
631
731
831
931
1031
1131
1231
1331
1431
32
132
232
332
432
532
632
732
832
932
1032
1132
1232
1332
1432
33
133
233
333
433
533
633
733
833
933
1033
1133
1233
1333
1433
34
134
234
334
434
534
634
734
834
934
1034
1134
1234
1334
1434
35
135
235
335
435
535
635
735
835
935
1035
1135
1235
1335
1435
36
136
236
336
436
536
636
736
836
936
1036
1136
1236
1336
1436
37
137
237
337
437
537
637
737
837
937
1037
1137
1237
1337
1437
38
138
238
338
438
538
638
738
838
938
1038
1138
1238
1338
1438
39
139
239
339
439
539
639
739
839
939
1039
1139
1239
1339
1439
40
140
240
340
440
540
640
740
840
940
1040
1140
1240
1340
1440
41
141
241
341
441
541
641
741
841
941
1041
1141
1241
1341
1441
42
142
242
342
442
542
642
742
842
942
1042
1142
1242
1342
1442
43
143
243
343
443
543
643
743
843
943
1043
1143
1243
1343
1443
44
144
244
344
444
544
644
744
844
944
1044
1144
1244
1344
1444
45
145
245
345
445
545
645
745
845
945
1045
1145
1245
1345
1445
46
146
246
346
446
546
646
746
846
946
1046
1146
1246
1346
1446
47
147
247
347
447
547
647
747
847
947
1047
1147
1247
1347
1447
48
148
248
348
448
548
648
748
848
948
1048
1148
1248
1348
1448
49
149
249
349
449
549
649
749
849
949
1049
1149
1249
1349
1449
50
150
250
350
450
550
650
750
850
950
1050
1150
1250
1350
1450
51
151
251
351
451
551
651
751
851
951
1051
1151
1251
1351
1451
52
152
252
352
452
552
652
752
852
952
1052
1152
1252
1352
1452
53
153
253
353
453
553
653
753
853
953
1053
1153
1253
1353
1453
54
154
254
354
454
554
654
754
854
954
1054
1154
1254
1354
1454
55
155
255
355
455
555
655
755
855
955
1055
1155
1255
1355
1455
56
156
256
356
456
556
656
756
856
956
1056
1156
1256
1356
1456
57
157
257
357
457
557
657
757
857
957
1057
1157
1257
1357
1457
58
158
258
358
458
558
658
758
858
958
1058
1158
1258
1358
1458
59
159
259
359
459
559
659
759
859
959
1059
1159
1259
1359
1459
60
160
260
360
460
560
660
760
860
960
1060
1160
1260
1360
1460
61
161
261
361
461
561
661
761
861
961
1061
1161
1261
1361
1461
62
162
262
362
462
562
662
762
862
962
1062
1162
1262
1362
1462
63
163
263
363
463
563
663
763
863
963
1063
1163
1263
1363
1463
64
164
264
364
464
564
664
764
864
964
1064
1164
1264
1364
1464
65
165
265
365
465
565
665
765
865
965
1065
1165
1265
1365
1465
66
166
266
366
466
566
666
766
866
966
1066
1166
1266
1366
1466
67
167
267
367
467
567
667
767
867
967
1067
1167
1267
1367
1467
68
168
268
368
468
568
668
768
868
968
1068
1168
1268
1368
1468
69
169
269
369
469
569
669
769
869
969
1069
1169
1269
1369
1469
70
170
270
370
470
570
670
770
870
970
1070
1170
1270
1370
1470
71
171
271
371
471
571
671
771
871
971
1071
1171
1271
1371
1471
72
172
272
372
472
572
672
772
872
972
1072
1172
1272
1372
1472
73
173
273
373
473
573
673
773
873
973
1073
1173
1273
1373
1473
74
174
274
374
474
574
674
774
874
974
1074
1174
1274
1374
1474
75
175
275
375
475
575
675
775
875
975
1075
1175
1275
1375
1475
76
176
276
376
476
576
676
776
876
976
1076
1176
1276
1376
1476
77
177
277
377
477
577
677
777
877
977
1077
1177
1277
1377
1477
78
178
278
378
478
578
678
778
878
978
1078
1178
1278
1378
1478
79
179
279
379
479
579
679
779
879
979
1079
1179
1279
1379
1479
80
180
280
380
480
580
680
780
880
980
1080
1180
1280
1380
1480
81
181
281
381
481
581
681
781
881
981
1081
1181
1281
1381
1481
82
182
282
382
482
582
682
782
882
982
1082
1182
1282
1382
1482
83
183
283
383
483
583
683
783
883
983
1083
1183
1283
1383
1483
84
184
284
384
484
584
684
784
884
984
1084
1184
1284
1384
1484
85
185
285
385
485
585
685
785
885
985
1085
1185
1285
1385
1485
86
186
286
386
486
586
686
786
886
986
1086
1186
1286
1386
1486
87
187
287
387
487
587
687
787
887
987
1087
1187
1287
1387
1487
88
188
288
388
488
588
688
788
888
988
1088
1188
1288
1388
1488
89
189
289
389
489
589
689
789
889
989
1089
1189
1289
1389
1489
90
190
290
390
490
590
690
790
890
990
1090
1190
1290
1390
1490
91
191
291
391
491
591
691
791
891
991
1091
1191
1291
1391
1491
92
192
292
392
492
592
692
792
892
992
1092
1192
1292
1392
1492
93
193
293
393
493
593
693
793
893
993
1093
1193
1293
1393
1493
94
194
294
394
494
594
694
794
894
994
1094
1194
1294
1394
1494
95
195
295
395
495
595
695
795
895
995
1095
1195
1295
1395
1495
96
196
296
396
496
596
696
796
896
996
1096
1196
1296
1396
1496
97
197
297
397
497
597
697
797
897
997
1097
1197
1297
1397
1497
98
198
298
398
498
598
698
798
898
998
1098
1198
1298
1398
1498
99
199
299
399
499
599
699
799
899
999
1099
1199
1299
1399
1499
0
1
2
3
4
5
6
7
8
9
10
11
12
13
14
15
16
17
18
19
20
21
22
23
24
25
26
27
28
29
30
31
32
33
34
35
36
37
38
39
40
41
42
43
44
45
46
47
48
49
50
51
52
53
54
55
56
57
58
59
60
61
62
63
64
65
66
67
68
69
70
71
72
73
74
75
76
77
78
79
80
81
82
83
84
85
86
87
88
89
90
91
92
93
94
95
96
97
98
99
)


// ************************************************************************* //
