/*--------------------------------*- C++ -*----------------------------------*\
| =========                 |                                                 |
| \\      /  F ield         | OpenFOAM: The Open Source CFD Toolbox           |
|  \\    /   O peration     | Version:  2406                                  |
|   \\  /    A nd           | Website:  www.openfoam.com                      |
|    \\/     M anipulation  |                                                 |
\*---------------------------------------------------------------------------*/
FoamFile
{
    version     2.0;
    format      ascii;
    arch        "LSB;label=32;scalar=64";
    class       vectorField;
    location    "constant/innerWall/polyMesh";
    object      points;
}
// * * * * * * * * * * * * * * * * * * * * * * * * * * * * * * * * * * * * * //


3232
(
(0 0.004 0)
(0.001 0.004 0)
(0.002 0.004 0)
(0.003 0.004 0)
(0.004 0.004 0)
(0.005 0.004 0)
(0.006 0.004 0)
(0.007 0.004 0)
(0.008 0.004 0)
(0.009 0.004 0)
(0.01 0.004 0)
(0.011 0.004 0)
(0.012 0.004 0)
(0.013 0.004 0)
(0.014 0.004 0)
(0.015 0.004 0)
(0.016 0.004 0)
(0.017 0.004 0)
(0.018 0.004 0)
(0.019 0.004 0)
(0.02 0.004 0)
(0.021 0.004 0)
(0.022 0.004 0)
(0.023 0.004 0)
(0.024 0.004 0)
(0.025 0.004 0)
(0.026 0.004 0)
(0.027 0.004 0)
(0.028 0.004 0)
(0.029 0.004 0)
(0.03 0.004 0)
(0.031 0.004 0)
(0.032 0.004 0)
(0.033 0.004 0)
(0.034 0.004 0)
(0.035 0.004 0)
(0.036 0.004 0)
(0.037 0.004 0)
(0.038 0.004 0)
(0.039 0.004 0)
(0.04 0.004 0)
(0.041 0.004 0)
(0.042 0.004 0)
(0.043 0.004 0)
(0.044 0.004 0)
(0.045 0.004 0)
(0.046 0.004 0)
(0.047 0.004 0)
(0.048 0.004 0)
(0.049 0.004 0)
(0.05 0.004 0)
(0.051 0.004 0)
(0.052 0.004 0)
(0.053 0.004 0)
(0.054 0.004 0)
(0.055 0.004 0)
(0.056 0.004 0)
(0.057 0.004 0)
(0.058 0.004 0)
(0.059 0.004 0)
(0.06 0.004 0)
(0.061 0.004 0)
(0.062 0.004 0)
(0.063 0.004 0)
(0.064 0.004 0)
(0.065 0.004 0)
(0.066 0.004 0)
(0.067 0.004 0)
(0.068 0.004 0)
(0.069 0.004 0)
(0.07 0.004 0)
(0.071 0.004 0)
(0.072 0.004 0)
(0.073 0.004 0)
(0.074 0.004 0)
(0.075 0.004 0)
(0.076 0.004 0)
(0.077 0.004 0)
(0.078 0.004 0)
(0.079 0.004 0)
(0.08 0.004 0)
(0.081 0.004 0)
(0.082 0.004 0)
(0.083 0.004 0)
(0.084 0.004 0)
(0.085 0.004 0)
(0.086 0.004 0)
(0.087 0.004 0)
(0.088 0.004 0)
(0.089 0.004 0)
(0.09 0.004 0)
(0.091 0.004 0)
(0.092 0.004 0)
(0.093 0.004 0)
(0.094 0.004 0)
(0.095 0.004 0)
(0.096 0.004 0)
(0.097 0.004 0)
(0.098 0.004 0)
(0.099 0.004 0)
(0.1 0.004 0)
(0 0.004 0.002)
(0.001 0.004 0.002)
(0.002 0.004 0.002)
(0.003 0.004 0.002)
(0.004 0.004 0.002)
(0.005 0.004 0.002)
(0.006 0.004 0.002)
(0.007 0.004 0.002)
(0.008 0.004 0.002)
(0.009 0.004 0.002)
(0.01 0.004 0.002)
(0.011 0.004 0.002)
(0.012 0.004 0.002)
(0.013 0.004 0.002)
(0.014 0.004 0.002)
(0.015 0.004 0.002)
(0.016 0.004 0.002)
(0.017 0.004 0.002)
(0.018 0.004 0.002)
(0.019 0.004 0.002)
(0.02 0.004 0.002)
(0.021 0.004 0.002)
(0.022 0.004 0.002)
(0.023 0.004 0.002)
(0.024 0.004 0.002)
(0.025 0.004 0.002)
(0.026 0.004 0.002)
(0.027 0.004 0.002)
(0.028 0.004 0.002)
(0.029 0.004 0.002)
(0.03 0.004 0.002)
(0.031 0.004 0.002)
(0.032 0.004 0.002)
(0.033 0.004 0.002)
(0.034 0.004 0.002)
(0.035 0.004 0.002)
(0.036 0.004 0.002)
(0.037 0.004 0.002)
(0.038 0.004 0.002)
(0.039 0.004 0.002)
(0.04 0.004 0.002)
(0.041 0.004 0.002)
(0.042 0.004 0.002)
(0.043 0.004 0.002)
(0.044 0.004 0.002)
(0.045 0.004 0.002)
(0.046 0.004 0.002)
(0.047 0.004 0.002)
(0.048 0.004 0.002)
(0.049 0.004 0.002)
(0.05 0.004 0.002)
(0.051 0.004 0.002)
(0.052 0.004 0.002)
(0.053 0.004 0.002)
(0.054 0.004 0.002)
(0.055 0.004 0.002)
(0.056 0.004 0.002)
(0.057 0.004 0.002)
(0.058 0.004 0.002)
(0.059 0.004 0.002)
(0.06 0.004 0.002)
(0.061 0.004 0.002)
(0.062 0.004 0.002)
(0.063 0.004 0.002)
(0.064 0.004 0.002)
(0.065 0.004 0.002)
(0.066 0.004 0.002)
(0.067 0.004 0.002)
(0.068 0.004 0.002)
(0.069 0.004 0.002)
(0.07 0.004 0.002)
(0.071 0.004 0.002)
(0.072 0.004 0.002)
(0.073 0.004 0.002)
(0.074 0.004 0.002)
(0.075 0.004 0.002)
(0.076 0.004 0.002)
(0.077 0.004 0.002)
(0.078 0.004 0.002)
(0.079 0.004 0.002)
(0.08 0.004 0.002)
(0.081 0.004 0.002)
(0.082 0.004 0.002)
(0.083 0.004 0.002)
(0.084 0.004 0.002)
(0.085 0.004 0.002)
(0.086 0.004 0.002)
(0.087 0.004 0.002)
(0.088 0.004 0.002)
(0.089 0.004 0.002)
(0.09 0.004 0.002)
(0.091 0.004 0.002)
(0.092 0.004 0.002)
(0.093 0.004 0.002)
(0.094 0.004 0.002)
(0.095 0.004 0.002)
(0.096 0.004 0.002)
(0.097 0.004 0.002)
(0.098 0.004 0.002)
(0.099 0.004 0.002)
(0.1 0.004 0.002)
(0 0.00406912 0)
(0.001 0.00406912 0)
(0.002 0.00406912 0)
(0.003 0.00406912 0)
(0.004 0.00406912 0)
(0.005 0.00406912 0)
(0.006 0.00406912 0)
(0.007 0.00406912 0)
(0.008 0.00406912 0)
(0.009 0.00406912 0)
(0.01 0.00406912 0)
(0.011 0.00406912 0)
(0.012 0.00406912 0)
(0.013 0.00406912 0)
(0.014 0.00406912 0)
(0.015 0.00406912 0)
(0.016 0.00406912 0)
(0.017 0.00406912 0)
(0.018 0.00406912 0)
(0.019 0.00406912 0)
(0.02 0.00406912 0)
(0.021 0.00406912 0)
(0.022 0.00406912 0)
(0.023 0.00406912 0)
(0.024 0.00406912 0)
(0.025 0.00406912 0)
(0.026 0.00406912 0)
(0.027 0.00406912 0)
(0.028 0.00406912 0)
(0.029 0.00406912 0)
(0.03 0.00406912 0)
(0.031 0.00406912 0)
(0.032 0.00406912 0)
(0.033 0.00406912 0)
(0.034 0.00406912 0)
(0.035 0.00406912 0)
(0.036 0.00406912 0)
(0.037 0.00406912 0)
(0.038 0.00406912 0)
(0.039 0.00406912 0)
(0.04 0.00406912 0)
(0.041 0.00406912 0)
(0.042 0.00406912 0)
(0.043 0.00406912 0)
(0.044 0.00406912 0)
(0.045 0.00406912 0)
(0.046 0.00406912 0)
(0.047 0.00406912 0)
(0.048 0.00406912 0)
(0.049 0.00406912 0)
(0.05 0.00406912 0)
(0.051 0.00406912 0)
(0.052 0.00406912 0)
(0.053 0.00406912 0)
(0.054 0.00406912 0)
(0.055 0.00406912 0)
(0.056 0.00406912 0)
(0.057 0.00406912 0)
(0.058 0.00406912 0)
(0.059 0.00406912 0)
(0.06 0.00406912 0)
(0.061 0.00406912 0)
(0.062 0.00406912 0)
(0.063 0.00406912 0)
(0.064 0.00406912 0)
(0.065 0.00406912 0)
(0.066 0.00406912 0)
(0.067 0.00406912 0)
(0.068 0.00406912 0)
(0.069 0.00406912 0)
(0.07 0.00406912 0)
(0.071 0.00406912 0)
(0.072 0.00406912 0)
(0.073 0.00406912 0)
(0.074 0.00406912 0)
(0.075 0.00406912 0)
(0.076 0.00406912 0)
(0.077 0.00406912 0)
(0.078 0.00406912 0)
(0.079 0.00406912 0)
(0.08 0.00406912 0)
(0.081 0.00406912 0)
(0.082 0.00406912 0)
(0.083 0.00406912 0)
(0.084 0.00406912 0)
(0.085 0.00406912 0)
(0.086 0.00406912 0)
(0.087 0.00406912 0)
(0.088 0.00406912 0)
(0.089 0.00406912 0)
(0.09 0.00406912 0)
(0.091 0.00406912 0)
(0.092 0.00406912 0)
(0.093 0.00406912 0)
(0.094 0.00406912 0)
(0.095 0.00406912 0)
(0.096 0.00406912 0)
(0.097 0.00406912 0)
(0.098 0.00406912 0)
(0.099 0.00406912 0)
(0.1 0.00406912 0)
(0 0.00414175 0)
(0.001 0.00414175 0)
(0.002 0.00414175 0)
(0.003 0.00414175 0)
(0.004 0.00414175 0)
(0.005 0.00414175 0)
(0.006 0.00414175 0)
(0.007 0.00414175 0)
(0.008 0.00414175 0)
(0.009 0.00414175 0)
(0.01 0.00414175 0)
(0.011 0.00414175 0)
(0.012 0.00414175 0)
(0.013 0.00414175 0)
(0.014 0.00414175 0)
(0.015 0.00414175 0)
(0.016 0.00414175 0)
(0.017 0.00414175 0)
(0.018 0.00414175 0)
(0.019 0.00414175 0)
(0.02 0.00414175 0)
(0.021 0.00414175 0)
(0.022 0.00414175 0)
(0.023 0.00414175 0)
(0.024 0.00414175 0)
(0.025 0.00414175 0)
(0.026 0.00414175 0)
(0.027 0.00414175 0)
(0.028 0.00414175 0)
(0.029 0.00414175 0)
(0.03 0.00414175 0)
(0.031 0.00414175 0)
(0.032 0.00414175 0)
(0.033 0.00414175 0)
(0.034 0.00414175 0)
(0.035 0.00414175 0)
(0.036 0.00414175 0)
(0.037 0.00414175 0)
(0.038 0.00414175 0)
(0.039 0.00414175 0)
(0.04 0.00414175 0)
(0.041 0.00414175 0)
(0.042 0.00414175 0)
(0.043 0.00414175 0)
(0.044 0.00414175 0)
(0.045 0.00414175 0)
(0.046 0.00414175 0)
(0.047 0.00414175 0)
(0.048 0.00414175 0)
(0.049 0.00414175 0)
(0.05 0.00414175 0)
(0.051 0.00414175 0)
(0.052 0.00414175 0)
(0.053 0.00414175 0)
(0.054 0.00414175 0)
(0.055 0.00414175 0)
(0.056 0.00414175 0)
(0.057 0.00414175 0)
(0.058 0.00414175 0)
(0.059 0.00414175 0)
(0.06 0.00414175 0)
(0.061 0.00414175 0)
(0.062 0.00414175 0)
(0.063 0.00414175 0)
(0.064 0.00414175 0)
(0.065 0.00414175 0)
(0.066 0.00414175 0)
(0.067 0.00414175 0)
(0.068 0.00414175 0)
(0.069 0.00414175 0)
(0.07 0.00414175 0)
(0.071 0.00414175 0)
(0.072 0.00414175 0)
(0.073 0.00414175 0)
(0.074 0.00414175 0)
(0.075 0.00414175 0)
(0.076 0.00414175 0)
(0.077 0.00414175 0)
(0.078 0.00414175 0)
(0.079 0.00414175 0)
(0.08 0.00414175 0)
(0.081 0.00414175 0)
(0.082 0.00414175 0)
(0.083 0.00414175 0)
(0.084 0.00414175 0)
(0.085 0.00414175 0)
(0.086 0.00414175 0)
(0.087 0.00414175 0)
(0.088 0.00414175 0)
(0.089 0.00414175 0)
(0.09 0.00414175 0)
(0.091 0.00414175 0)
(0.092 0.00414175 0)
(0.093 0.00414175 0)
(0.094 0.00414175 0)
(0.095 0.00414175 0)
(0.096 0.00414175 0)
(0.097 0.00414175 0)
(0.098 0.00414175 0)
(0.099 0.00414175 0)
(0.1 0.00414175 0)
(0 0.00421806 0)
(0.001 0.00421806 0)
(0.002 0.00421806 0)
(0.003 0.00421806 0)
(0.004 0.00421806 0)
(0.005 0.00421806 0)
(0.006 0.00421806 0)
(0.007 0.00421806 0)
(0.008 0.00421806 0)
(0.009 0.00421806 0)
(0.01 0.00421806 0)
(0.011 0.00421806 0)
(0.012 0.00421806 0)
(0.013 0.00421806 0)
(0.014 0.00421806 0)
(0.015 0.00421806 0)
(0.016 0.00421806 0)
(0.017 0.00421806 0)
(0.018 0.00421806 0)
(0.019 0.00421806 0)
(0.02 0.00421806 0)
(0.021 0.00421806 0)
(0.022 0.00421806 0)
(0.023 0.00421806 0)
(0.024 0.00421806 0)
(0.025 0.00421806 0)
(0.026 0.00421806 0)
(0.027 0.00421806 0)
(0.028 0.00421806 0)
(0.029 0.00421806 0)
(0.03 0.00421806 0)
(0.031 0.00421806 0)
(0.032 0.00421806 0)
(0.033 0.00421806 0)
(0.034 0.00421806 0)
(0.035 0.00421806 0)
(0.036 0.00421806 0)
(0.037 0.00421806 0)
(0.038 0.00421806 0)
(0.039 0.00421806 0)
(0.04 0.00421806 0)
(0.041 0.00421806 0)
(0.042 0.00421806 0)
(0.043 0.00421806 0)
(0.044 0.00421806 0)
(0.045 0.00421806 0)
(0.046 0.00421806 0)
(0.047 0.00421806 0)
(0.048 0.00421806 0)
(0.049 0.00421806 0)
(0.05 0.00421806 0)
(0.051 0.00421806 0)
(0.052 0.00421806 0)
(0.053 0.00421806 0)
(0.054 0.00421806 0)
(0.055 0.00421806 0)
(0.056 0.00421806 0)
(0.057 0.00421806 0)
(0.058 0.00421806 0)
(0.059 0.00421806 0)
(0.06 0.00421806 0)
(0.061 0.00421806 0)
(0.062 0.00421806 0)
(0.063 0.00421806 0)
(0.064 0.00421806 0)
(0.065 0.00421806 0)
(0.066 0.00421806 0)
(0.067 0.00421806 0)
(0.068 0.00421806 0)
(0.069 0.00421806 0)
(0.07 0.00421806 0)
(0.071 0.00421806 0)
(0.072 0.00421806 0)
(0.073 0.00421806 0)
(0.074 0.00421806 0)
(0.075 0.00421806 0)
(0.076 0.00421806 0)
(0.077 0.00421806 0)
(0.078 0.00421806 0)
(0.079 0.00421806 0)
(0.08 0.00421806 0)
(0.081 0.00421806 0)
(0.082 0.00421806 0)
(0.083 0.00421806 0)
(0.084 0.00421806 0)
(0.085 0.00421806 0)
(0.086 0.00421806 0)
(0.087 0.00421806 0)
(0.088 0.00421806 0)
(0.089 0.00421806 0)
(0.09 0.00421806 0)
(0.091 0.00421806 0)
(0.092 0.00421806 0)
(0.093 0.00421806 0)
(0.094 0.00421806 0)
(0.095 0.00421806 0)
(0.096 0.00421806 0)
(0.097 0.00421806 0)
(0.098 0.00421806 0)
(0.099 0.00421806 0)
(0.1 0.00421806 0)
(0 0.00429824 0)
(0.001 0.00429824 0)
(0.002 0.00429824 0)
(0.003 0.00429824 0)
(0.004 0.00429824 0)
(0.005 0.00429824 0)
(0.006 0.00429824 0)
(0.007 0.00429824 0)
(0.008 0.00429824 0)
(0.009 0.00429824 0)
(0.01 0.00429824 0)
(0.011 0.00429824 0)
(0.012 0.00429824 0)
(0.013 0.00429824 0)
(0.014 0.00429824 0)
(0.015 0.00429824 0)
(0.016 0.00429824 0)
(0.017 0.00429824 0)
(0.018 0.00429824 0)
(0.019 0.00429824 0)
(0.02 0.00429824 0)
(0.021 0.00429824 0)
(0.022 0.00429824 0)
(0.023 0.00429824 0)
(0.024 0.00429824 0)
(0.025 0.00429824 0)
(0.026 0.00429824 0)
(0.027 0.00429824 0)
(0.028 0.00429824 0)
(0.029 0.00429824 0)
(0.03 0.00429824 0)
(0.031 0.00429824 0)
(0.032 0.00429824 0)
(0.033 0.00429824 0)
(0.034 0.00429824 0)
(0.035 0.00429824 0)
(0.036 0.00429824 0)
(0.037 0.00429824 0)
(0.038 0.00429824 0)
(0.039 0.00429824 0)
(0.04 0.00429824 0)
(0.041 0.00429824 0)
(0.042 0.00429824 0)
(0.043 0.00429824 0)
(0.044 0.00429824 0)
(0.045 0.00429824 0)
(0.046 0.00429824 0)
(0.047 0.00429824 0)
(0.048 0.00429824 0)
(0.049 0.00429824 0)
(0.05 0.00429824 0)
(0.051 0.00429824 0)
(0.052 0.00429824 0)
(0.053 0.00429824 0)
(0.054 0.00429824 0)
(0.055 0.00429824 0)
(0.056 0.00429824 0)
(0.057 0.00429824 0)
(0.058 0.00429824 0)
(0.059 0.00429824 0)
(0.06 0.00429824 0)
(0.061 0.00429824 0)
(0.062 0.00429824 0)
(0.063 0.00429824 0)
(0.064 0.00429824 0)
(0.065 0.00429824 0)
(0.066 0.00429824 0)
(0.067 0.00429824 0)
(0.068 0.00429824 0)
(0.069 0.00429824 0)
(0.07 0.00429824 0)
(0.071 0.00429824 0)
(0.072 0.00429824 0)
(0.073 0.00429824 0)
(0.074 0.00429824 0)
(0.075 0.00429824 0)
(0.076 0.00429824 0)
(0.077 0.00429824 0)
(0.078 0.00429824 0)
(0.079 0.00429824 0)
(0.08 0.00429824 0)
(0.081 0.00429824 0)
(0.082 0.00429824 0)
(0.083 0.00429824 0)
(0.084 0.00429824 0)
(0.085 0.00429824 0)
(0.086 0.00429824 0)
(0.087 0.00429824 0)
(0.088 0.00429824 0)
(0.089 0.00429824 0)
(0.09 0.00429824 0)
(0.091 0.00429824 0)
(0.092 0.00429824 0)
(0.093 0.00429824 0)
(0.094 0.00429824 0)
(0.095 0.00429824 0)
(0.096 0.00429824 0)
(0.097 0.00429824 0)
(0.098 0.00429824 0)
(0.099 0.00429824 0)
(0.1 0.00429824 0)
(0 0.0043825 0)
(0.001 0.0043825 0)
(0.002 0.0043825 0)
(0.003 0.0043825 0)
(0.004 0.0043825 0)
(0.005 0.0043825 0)
(0.006 0.0043825 0)
(0.007 0.0043825 0)
(0.008 0.0043825 0)
(0.009 0.0043825 0)
(0.01 0.0043825 0)
(0.011 0.0043825 0)
(0.012 0.0043825 0)
(0.013 0.0043825 0)
(0.014 0.0043825 0)
(0.015 0.0043825 0)
(0.016 0.0043825 0)
(0.017 0.0043825 0)
(0.018 0.0043825 0)
(0.019 0.0043825 0)
(0.02 0.0043825 0)
(0.021 0.0043825 0)
(0.022 0.0043825 0)
(0.023 0.0043825 0)
(0.024 0.0043825 0)
(0.025 0.0043825 0)
(0.026 0.0043825 0)
(0.027 0.0043825 0)
(0.028 0.0043825 0)
(0.029 0.0043825 0)
(0.03 0.0043825 0)
(0.031 0.0043825 0)
(0.032 0.0043825 0)
(0.033 0.0043825 0)
(0.034 0.0043825 0)
(0.035 0.0043825 0)
(0.036 0.0043825 0)
(0.037 0.0043825 0)
(0.038 0.0043825 0)
(0.039 0.0043825 0)
(0.04 0.0043825 0)
(0.041 0.0043825 0)
(0.042 0.0043825 0)
(0.043 0.0043825 0)
(0.044 0.0043825 0)
(0.045 0.0043825 0)
(0.046 0.0043825 0)
(0.047 0.0043825 0)
(0.048 0.0043825 0)
(0.049 0.0043825 0)
(0.05 0.0043825 0)
(0.051 0.0043825 0)
(0.052 0.0043825 0)
(0.053 0.0043825 0)
(0.054 0.0043825 0)
(0.055 0.0043825 0)
(0.056 0.0043825 0)
(0.057 0.0043825 0)
(0.058 0.0043825 0)
(0.059 0.0043825 0)
(0.06 0.0043825 0)
(0.061 0.0043825 0)
(0.062 0.0043825 0)
(0.063 0.0043825 0)
(0.064 0.0043825 0)
(0.065 0.0043825 0)
(0.066 0.0043825 0)
(0.067 0.0043825 0)
(0.068 0.0043825 0)
(0.069 0.0043825 0)
(0.07 0.0043825 0)
(0.071 0.0043825 0)
(0.072 0.0043825 0)
(0.073 0.0043825 0)
(0.074 0.0043825 0)
(0.075 0.0043825 0)
(0.076 0.0043825 0)
(0.077 0.0043825 0)
(0.078 0.0043825 0)
(0.079 0.0043825 0)
(0.08 0.0043825 0)
(0.081 0.0043825 0)
(0.082 0.0043825 0)
(0.083 0.0043825 0)
(0.084 0.0043825 0)
(0.085 0.0043825 0)
(0.086 0.0043825 0)
(0.087 0.0043825 0)
(0.088 0.0043825 0)
(0.089 0.0043825 0)
(0.09 0.0043825 0)
(0.091 0.0043825 0)
(0.092 0.0043825 0)
(0.093 0.0043825 0)
(0.094 0.0043825 0)
(0.095 0.0043825 0)
(0.096 0.0043825 0)
(0.097 0.0043825 0)
(0.098 0.0043825 0)
(0.099 0.0043825 0)
(0.1 0.0043825 0)
(0 0.00447103 0)
(0.001 0.00447103 0)
(0.002 0.00447103 0)
(0.003 0.00447103 0)
(0.004 0.00447103 0)
(0.005 0.00447103 0)
(0.006 0.00447103 0)
(0.007 0.00447103 0)
(0.008 0.00447103 0)
(0.009 0.00447103 0)
(0.01 0.00447103 0)
(0.011 0.00447103 0)
(0.012 0.00447103 0)
(0.013 0.00447103 0)
(0.014 0.00447103 0)
(0.015 0.00447103 0)
(0.016 0.00447103 0)
(0.017 0.00447103 0)
(0.018 0.00447103 0)
(0.019 0.00447103 0)
(0.02 0.00447103 0)
(0.021 0.00447103 0)
(0.022 0.00447103 0)
(0.023 0.00447103 0)
(0.024 0.00447103 0)
(0.025 0.00447103 0)
(0.026 0.00447103 0)
(0.027 0.00447103 0)
(0.028 0.00447103 0)
(0.029 0.00447103 0)
(0.03 0.00447103 0)
(0.031 0.00447103 0)
(0.032 0.00447103 0)
(0.033 0.00447103 0)
(0.034 0.00447103 0)
(0.035 0.00447103 0)
(0.036 0.00447103 0)
(0.037 0.00447103 0)
(0.038 0.00447103 0)
(0.039 0.00447103 0)
(0.04 0.00447103 0)
(0.041 0.00447103 0)
(0.042 0.00447103 0)
(0.043 0.00447103 0)
(0.044 0.00447103 0)
(0.045 0.00447103 0)
(0.046 0.00447103 0)
(0.047 0.00447103 0)
(0.048 0.00447103 0)
(0.049 0.00447103 0)
(0.05 0.00447103 0)
(0.051 0.00447103 0)
(0.052 0.00447103 0)
(0.053 0.00447103 0)
(0.054 0.00447103 0)
(0.055 0.00447103 0)
(0.056 0.00447103 0)
(0.057 0.00447103 0)
(0.058 0.00447103 0)
(0.059 0.00447103 0)
(0.06 0.00447103 0)
(0.061 0.00447103 0)
(0.062 0.00447103 0)
(0.063 0.00447103 0)
(0.064 0.00447103 0)
(0.065 0.00447103 0)
(0.066 0.00447103 0)
(0.067 0.00447103 0)
(0.068 0.00447103 0)
(0.069 0.00447103 0)
(0.07 0.00447103 0)
(0.071 0.00447103 0)
(0.072 0.00447103 0)
(0.073 0.00447103 0)
(0.074 0.00447103 0)
(0.075 0.00447103 0)
(0.076 0.00447103 0)
(0.077 0.00447103 0)
(0.078 0.00447103 0)
(0.079 0.00447103 0)
(0.08 0.00447103 0)
(0.081 0.00447103 0)
(0.082 0.00447103 0)
(0.083 0.00447103 0)
(0.084 0.00447103 0)
(0.085 0.00447103 0)
(0.086 0.00447103 0)
(0.087 0.00447103 0)
(0.088 0.00447103 0)
(0.089 0.00447103 0)
(0.09 0.00447103 0)
(0.091 0.00447103 0)
(0.092 0.00447103 0)
(0.093 0.00447103 0)
(0.094 0.00447103 0)
(0.095 0.00447103 0)
(0.096 0.00447103 0)
(0.097 0.00447103 0)
(0.098 0.00447103 0)
(0.099 0.00447103 0)
(0.1 0.00447103 0)
(0 0.00456406 0)
(0.001 0.00456406 0)
(0.002 0.00456406 0)
(0.003 0.00456406 0)
(0.004 0.00456406 0)
(0.005 0.00456406 0)
(0.006 0.00456406 0)
(0.007 0.00456406 0)
(0.008 0.00456406 0)
(0.009 0.00456406 0)
(0.01 0.00456406 0)
(0.011 0.00456406 0)
(0.012 0.00456406 0)
(0.013 0.00456406 0)
(0.014 0.00456406 0)
(0.015 0.00456406 0)
(0.016 0.00456406 0)
(0.017 0.00456406 0)
(0.018 0.00456406 0)
(0.019 0.00456406 0)
(0.02 0.00456406 0)
(0.021 0.00456406 0)
(0.022 0.00456406 0)
(0.023 0.00456406 0)
(0.024 0.00456406 0)
(0.025 0.00456406 0)
(0.026 0.00456406 0)
(0.027 0.00456406 0)
(0.028 0.00456406 0)
(0.029 0.00456406 0)
(0.03 0.00456406 0)
(0.031 0.00456406 0)
(0.032 0.00456406 0)
(0.033 0.00456406 0)
(0.034 0.00456406 0)
(0.035 0.00456406 0)
(0.036 0.00456406 0)
(0.037 0.00456406 0)
(0.038 0.00456406 0)
(0.039 0.00456406 0)
(0.04 0.00456406 0)
(0.041 0.00456406 0)
(0.042 0.00456406 0)
(0.043 0.00456406 0)
(0.044 0.00456406 0)
(0.045 0.00456406 0)
(0.046 0.00456406 0)
(0.047 0.00456406 0)
(0.048 0.00456406 0)
(0.049 0.00456406 0)
(0.05 0.00456406 0)
(0.051 0.00456406 0)
(0.052 0.00456406 0)
(0.053 0.00456406 0)
(0.054 0.00456406 0)
(0.055 0.00456406 0)
(0.056 0.00456406 0)
(0.057 0.00456406 0)
(0.058 0.00456406 0)
(0.059 0.00456406 0)
(0.06 0.00456406 0)
(0.061 0.00456406 0)
(0.062 0.00456406 0)
(0.063 0.00456406 0)
(0.064 0.00456406 0)
(0.065 0.00456406 0)
(0.066 0.00456406 0)
(0.067 0.00456406 0)
(0.068 0.00456406 0)
(0.069 0.00456406 0)
(0.07 0.00456406 0)
(0.071 0.00456406 0)
(0.072 0.00456406 0)
(0.073 0.00456406 0)
(0.074 0.00456406 0)
(0.075 0.00456406 0)
(0.076 0.00456406 0)
(0.077 0.00456406 0)
(0.078 0.00456406 0)
(0.079 0.00456406 0)
(0.08 0.00456406 0)
(0.081 0.00456406 0)
(0.082 0.00456406 0)
(0.083 0.00456406 0)
(0.084 0.00456406 0)
(0.085 0.00456406 0)
(0.086 0.00456406 0)
(0.087 0.00456406 0)
(0.088 0.00456406 0)
(0.089 0.00456406 0)
(0.09 0.00456406 0)
(0.091 0.00456406 0)
(0.092 0.00456406 0)
(0.093 0.00456406 0)
(0.094 0.00456406 0)
(0.095 0.00456406 0)
(0.096 0.00456406 0)
(0.097 0.00456406 0)
(0.098 0.00456406 0)
(0.099 0.00456406 0)
(0.1 0.00456406 0)
(0 0.00466181 0)
(0.001 0.00466181 0)
(0.002 0.00466181 0)
(0.003 0.00466181 0)
(0.004 0.00466181 0)
(0.005 0.00466181 0)
(0.006 0.00466181 0)
(0.007 0.00466181 0)
(0.008 0.00466181 0)
(0.009 0.00466181 0)
(0.01 0.00466181 0)
(0.011 0.00466181 0)
(0.012 0.00466181 0)
(0.013 0.00466181 0)
(0.014 0.00466181 0)
(0.015 0.00466181 0)
(0.016 0.00466181 0)
(0.017 0.00466181 0)
(0.018 0.00466181 0)
(0.019 0.00466181 0)
(0.02 0.00466181 0)
(0.021 0.00466181 0)
(0.022 0.00466181 0)
(0.023 0.00466181 0)
(0.024 0.00466181 0)
(0.025 0.00466181 0)
(0.026 0.00466181 0)
(0.027 0.00466181 0)
(0.028 0.00466181 0)
(0.029 0.00466181 0)
(0.03 0.00466181 0)
(0.031 0.00466181 0)
(0.032 0.00466181 0)
(0.033 0.00466181 0)
(0.034 0.00466181 0)
(0.035 0.00466181 0)
(0.036 0.00466181 0)
(0.037 0.00466181 0)
(0.038 0.00466181 0)
(0.039 0.00466181 0)
(0.04 0.00466181 0)
(0.041 0.00466181 0)
(0.042 0.00466181 0)
(0.043 0.00466181 0)
(0.044 0.00466181 0)
(0.045 0.00466181 0)
(0.046 0.00466181 0)
(0.047 0.00466181 0)
(0.048 0.00466181 0)
(0.049 0.00466181 0)
(0.05 0.00466181 0)
(0.051 0.00466181 0)
(0.052 0.00466181 0)
(0.053 0.00466181 0)
(0.054 0.00466181 0)
(0.055 0.00466181 0)
(0.056 0.00466181 0)
(0.057 0.00466181 0)
(0.058 0.00466181 0)
(0.059 0.00466181 0)
(0.06 0.00466181 0)
(0.061 0.00466181 0)
(0.062 0.00466181 0)
(0.063 0.00466181 0)
(0.064 0.00466181 0)
(0.065 0.00466181 0)
(0.066 0.00466181 0)
(0.067 0.00466181 0)
(0.068 0.00466181 0)
(0.069 0.00466181 0)
(0.07 0.00466181 0)
(0.071 0.00466181 0)
(0.072 0.00466181 0)
(0.073 0.00466181 0)
(0.074 0.00466181 0)
(0.075 0.00466181 0)
(0.076 0.00466181 0)
(0.077 0.00466181 0)
(0.078 0.00466181 0)
(0.079 0.00466181 0)
(0.08 0.00466181 0)
(0.081 0.00466181 0)
(0.082 0.00466181 0)
(0.083 0.00466181 0)
(0.084 0.00466181 0)
(0.085 0.00466181 0)
(0.086 0.00466181 0)
(0.087 0.00466181 0)
(0.088 0.00466181 0)
(0.089 0.00466181 0)
(0.09 0.00466181 0)
(0.091 0.00466181 0)
(0.092 0.00466181 0)
(0.093 0.00466181 0)
(0.094 0.00466181 0)
(0.095 0.00466181 0)
(0.096 0.00466181 0)
(0.097 0.00466181 0)
(0.098 0.00466181 0)
(0.099 0.00466181 0)
(0.1 0.00466181 0)
(0 0.00476452 0)
(0.001 0.00476452 0)
(0.002 0.00476452 0)
(0.003 0.00476452 0)
(0.004 0.00476452 0)
(0.005 0.00476452 0)
(0.006 0.00476452 0)
(0.007 0.00476452 0)
(0.008 0.00476452 0)
(0.009 0.00476452 0)
(0.01 0.00476452 0)
(0.011 0.00476452 0)
(0.012 0.00476452 0)
(0.013 0.00476452 0)
(0.014 0.00476452 0)
(0.015 0.00476452 0)
(0.016 0.00476452 0)
(0.017 0.00476452 0)
(0.018 0.00476452 0)
(0.019 0.00476452 0)
(0.02 0.00476452 0)
(0.021 0.00476452 0)
(0.022 0.00476452 0)
(0.023 0.00476452 0)
(0.024 0.00476452 0)
(0.025 0.00476452 0)
(0.026 0.00476452 0)
(0.027 0.00476452 0)
(0.028 0.00476452 0)
(0.029 0.00476452 0)
(0.03 0.00476452 0)
(0.031 0.00476452 0)
(0.032 0.00476452 0)
(0.033 0.00476452 0)
(0.034 0.00476452 0)
(0.035 0.00476452 0)
(0.036 0.00476452 0)
(0.037 0.00476452 0)
(0.038 0.00476452 0)
(0.039 0.00476452 0)
(0.04 0.00476452 0)
(0.041 0.00476452 0)
(0.042 0.00476452 0)
(0.043 0.00476452 0)
(0.044 0.00476452 0)
(0.045 0.00476452 0)
(0.046 0.00476452 0)
(0.047 0.00476452 0)
(0.048 0.00476452 0)
(0.049 0.00476452 0)
(0.05 0.00476452 0)
(0.051 0.00476452 0)
(0.052 0.00476452 0)
(0.053 0.00476452 0)
(0.054 0.00476452 0)
(0.055 0.00476452 0)
(0.056 0.00476452 0)
(0.057 0.00476452 0)
(0.058 0.00476452 0)
(0.059 0.00476452 0)
(0.06 0.00476452 0)
(0.061 0.00476452 0)
(0.062 0.00476452 0)
(0.063 0.00476452 0)
(0.064 0.00476452 0)
(0.065 0.00476452 0)
(0.066 0.00476452 0)
(0.067 0.00476452 0)
(0.068 0.00476452 0)
(0.069 0.00476452 0)
(0.07 0.00476452 0)
(0.071 0.00476452 0)
(0.072 0.00476452 0)
(0.073 0.00476452 0)
(0.074 0.00476452 0)
(0.075 0.00476452 0)
(0.076 0.00476452 0)
(0.077 0.00476452 0)
(0.078 0.00476452 0)
(0.079 0.00476452 0)
(0.08 0.00476452 0)
(0.081 0.00476452 0)
(0.082 0.00476452 0)
(0.083 0.00476452 0)
(0.084 0.00476452 0)
(0.085 0.00476452 0)
(0.086 0.00476452 0)
(0.087 0.00476452 0)
(0.088 0.00476452 0)
(0.089 0.00476452 0)
(0.09 0.00476452 0)
(0.091 0.00476452 0)
(0.092 0.00476452 0)
(0.093 0.00476452 0)
(0.094 0.00476452 0)
(0.095 0.00476452 0)
(0.096 0.00476452 0)
(0.097 0.00476452 0)
(0.098 0.00476452 0)
(0.099 0.00476452 0)
(0.1 0.00476452 0)
(0 0.00487244 0)
(0.001 0.00487244 0)
(0.002 0.00487244 0)
(0.003 0.00487244 0)
(0.004 0.00487244 0)
(0.005 0.00487244 0)
(0.006 0.00487244 0)
(0.007 0.00487244 0)
(0.008 0.00487244 0)
(0.009 0.00487244 0)
(0.01 0.00487244 0)
(0.011 0.00487244 0)
(0.012 0.00487244 0)
(0.013 0.00487244 0)
(0.014 0.00487244 0)
(0.015 0.00487244 0)
(0.016 0.00487244 0)
(0.017 0.00487244 0)
(0.018 0.00487244 0)
(0.019 0.00487244 0)
(0.02 0.00487244 0)
(0.021 0.00487244 0)
(0.022 0.00487244 0)
(0.023 0.00487244 0)
(0.024 0.00487244 0)
(0.025 0.00487244 0)
(0.026 0.00487244 0)
(0.027 0.00487244 0)
(0.028 0.00487244 0)
(0.029 0.00487244 0)
(0.03 0.00487244 0)
(0.031 0.00487244 0)
(0.032 0.00487244 0)
(0.033 0.00487244 0)
(0.034 0.00487244 0)
(0.035 0.00487244 0)
(0.036 0.00487244 0)
(0.037 0.00487244 0)
(0.038 0.00487244 0)
(0.039 0.00487244 0)
(0.04 0.00487244 0)
(0.041 0.00487244 0)
(0.042 0.00487244 0)
(0.043 0.00487244 0)
(0.044 0.00487244 0)
(0.045 0.00487244 0)
(0.046 0.00487244 0)
(0.047 0.00487244 0)
(0.048 0.00487244 0)
(0.049 0.00487244 0)
(0.05 0.00487244 0)
(0.051 0.00487244 0)
(0.052 0.00487244 0)
(0.053 0.00487244 0)
(0.054 0.00487244 0)
(0.055 0.00487244 0)
(0.056 0.00487244 0)
(0.057 0.00487244 0)
(0.058 0.00487244 0)
(0.059 0.00487244 0)
(0.06 0.00487244 0)
(0.061 0.00487244 0)
(0.062 0.00487244 0)
(0.063 0.00487244 0)
(0.064 0.00487244 0)
(0.065 0.00487244 0)
(0.066 0.00487244 0)
(0.067 0.00487244 0)
(0.068 0.00487244 0)
(0.069 0.00487244 0)
(0.07 0.00487244 0)
(0.071 0.00487244 0)
(0.072 0.00487244 0)
(0.073 0.00487244 0)
(0.074 0.00487244 0)
(0.075 0.00487244 0)
(0.076 0.00487244 0)
(0.077 0.00487244 0)
(0.078 0.00487244 0)
(0.079 0.00487244 0)
(0.08 0.00487244 0)
(0.081 0.00487244 0)
(0.082 0.00487244 0)
(0.083 0.00487244 0)
(0.084 0.00487244 0)
(0.085 0.00487244 0)
(0.086 0.00487244 0)
(0.087 0.00487244 0)
(0.088 0.00487244 0)
(0.089 0.00487244 0)
(0.09 0.00487244 0)
(0.091 0.00487244 0)
(0.092 0.00487244 0)
(0.093 0.00487244 0)
(0.094 0.00487244 0)
(0.095 0.00487244 0)
(0.096 0.00487244 0)
(0.097 0.00487244 0)
(0.098 0.00487244 0)
(0.099 0.00487244 0)
(0.1 0.00487244 0)
(0 0.00498584 0)
(0.001 0.00498584 0)
(0.002 0.00498584 0)
(0.003 0.00498584 0)
(0.004 0.00498584 0)
(0.005 0.00498584 0)
(0.006 0.00498584 0)
(0.007 0.00498584 0)
(0.008 0.00498584 0)
(0.009 0.00498584 0)
(0.01 0.00498584 0)
(0.011 0.00498584 0)
(0.012 0.00498584 0)
(0.013 0.00498584 0)
(0.014 0.00498584 0)
(0.015 0.00498584 0)
(0.016 0.00498584 0)
(0.017 0.00498584 0)
(0.018 0.00498584 0)
(0.019 0.00498584 0)
(0.02 0.00498584 0)
(0.021 0.00498584 0)
(0.022 0.00498584 0)
(0.023 0.00498584 0)
(0.024 0.00498584 0)
(0.025 0.00498584 0)
(0.026 0.00498584 0)
(0.027 0.00498584 0)
(0.028 0.00498584 0)
(0.029 0.00498584 0)
(0.03 0.00498584 0)
(0.031 0.00498584 0)
(0.032 0.00498584 0)
(0.033 0.00498584 0)
(0.034 0.00498584 0)
(0.035 0.00498584 0)
(0.036 0.00498584 0)
(0.037 0.00498584 0)
(0.038 0.00498584 0)
(0.039 0.00498584 0)
(0.04 0.00498584 0)
(0.041 0.00498584 0)
(0.042 0.00498584 0)
(0.043 0.00498584 0)
(0.044 0.00498584 0)
(0.045 0.00498584 0)
(0.046 0.00498584 0)
(0.047 0.00498584 0)
(0.048 0.00498584 0)
(0.049 0.00498584 0)
(0.05 0.00498584 0)
(0.051 0.00498584 0)
(0.052 0.00498584 0)
(0.053 0.00498584 0)
(0.054 0.00498584 0)
(0.055 0.00498584 0)
(0.056 0.00498584 0)
(0.057 0.00498584 0)
(0.058 0.00498584 0)
(0.059 0.00498584 0)
(0.06 0.00498584 0)
(0.061 0.00498584 0)
(0.062 0.00498584 0)
(0.063 0.00498584 0)
(0.064 0.00498584 0)
(0.065 0.00498584 0)
(0.066 0.00498584 0)
(0.067 0.00498584 0)
(0.068 0.00498584 0)
(0.069 0.00498584 0)
(0.07 0.00498584 0)
(0.071 0.00498584 0)
(0.072 0.00498584 0)
(0.073 0.00498584 0)
(0.074 0.00498584 0)
(0.075 0.00498584 0)
(0.076 0.00498584 0)
(0.077 0.00498584 0)
(0.078 0.00498584 0)
(0.079 0.00498584 0)
(0.08 0.00498584 0)
(0.081 0.00498584 0)
(0.082 0.00498584 0)
(0.083 0.00498584 0)
(0.084 0.00498584 0)
(0.085 0.00498584 0)
(0.086 0.00498584 0)
(0.087 0.00498584 0)
(0.088 0.00498584 0)
(0.089 0.00498584 0)
(0.09 0.00498584 0)
(0.091 0.00498584 0)
(0.092 0.00498584 0)
(0.093 0.00498584 0)
(0.094 0.00498584 0)
(0.095 0.00498584 0)
(0.096 0.00498584 0)
(0.097 0.00498584 0)
(0.098 0.00498584 0)
(0.099 0.00498584 0)
(0.1 0.00498584 0)
(0 0.005105 0)
(0.001 0.005105 0)
(0.002 0.005105 0)
(0.003 0.005105 0)
(0.004 0.005105 0)
(0.005 0.005105 0)
(0.006 0.005105 0)
(0.007 0.005105 0)
(0.008 0.005105 0)
(0.009 0.005105 0)
(0.01 0.005105 0)
(0.011 0.005105 0)
(0.012 0.005105 0)
(0.013 0.005105 0)
(0.014 0.005105 0)
(0.015 0.005105 0)
(0.016 0.005105 0)
(0.017 0.005105 0)
(0.018 0.005105 0)
(0.019 0.005105 0)
(0.02 0.005105 0)
(0.021 0.005105 0)
(0.022 0.005105 0)
(0.023 0.005105 0)
(0.024 0.005105 0)
(0.025 0.005105 0)
(0.026 0.005105 0)
(0.027 0.005105 0)
(0.028 0.005105 0)
(0.029 0.005105 0)
(0.03 0.005105 0)
(0.031 0.005105 0)
(0.032 0.005105 0)
(0.033 0.005105 0)
(0.034 0.005105 0)
(0.035 0.005105 0)
(0.036 0.005105 0)
(0.037 0.005105 0)
(0.038 0.005105 0)
(0.039 0.005105 0)
(0.04 0.005105 0)
(0.041 0.005105 0)
(0.042 0.005105 0)
(0.043 0.005105 0)
(0.044 0.005105 0)
(0.045 0.005105 0)
(0.046 0.005105 0)
(0.047 0.005105 0)
(0.048 0.005105 0)
(0.049 0.005105 0)
(0.05 0.005105 0)
(0.051 0.005105 0)
(0.052 0.005105 0)
(0.053 0.005105 0)
(0.054 0.005105 0)
(0.055 0.005105 0)
(0.056 0.005105 0)
(0.057 0.005105 0)
(0.058 0.005105 0)
(0.059 0.005105 0)
(0.06 0.005105 0)
(0.061 0.005105 0)
(0.062 0.005105 0)
(0.063 0.005105 0)
(0.064 0.005105 0)
(0.065 0.005105 0)
(0.066 0.005105 0)
(0.067 0.005105 0)
(0.068 0.005105 0)
(0.069 0.005105 0)
(0.07 0.005105 0)
(0.071 0.005105 0)
(0.072 0.005105 0)
(0.073 0.005105 0)
(0.074 0.005105 0)
(0.075 0.005105 0)
(0.076 0.005105 0)
(0.077 0.005105 0)
(0.078 0.005105 0)
(0.079 0.005105 0)
(0.08 0.005105 0)
(0.081 0.005105 0)
(0.082 0.005105 0)
(0.083 0.005105 0)
(0.084 0.005105 0)
(0.085 0.005105 0)
(0.086 0.005105 0)
(0.087 0.005105 0)
(0.088 0.005105 0)
(0.089 0.005105 0)
(0.09 0.005105 0)
(0.091 0.005105 0)
(0.092 0.005105 0)
(0.093 0.005105 0)
(0.094 0.005105 0)
(0.095 0.005105 0)
(0.096 0.005105 0)
(0.097 0.005105 0)
(0.098 0.005105 0)
(0.099 0.005105 0)
(0.1 0.005105 0)
(0 0.0052302 0)
(0.001 0.0052302 0)
(0.002 0.0052302 0)
(0.003 0.0052302 0)
(0.004 0.0052302 0)
(0.005 0.0052302 0)
(0.006 0.0052302 0)
(0.007 0.0052302 0)
(0.008 0.0052302 0)
(0.009 0.0052302 0)
(0.01 0.0052302 0)
(0.011 0.0052302 0)
(0.012 0.0052302 0)
(0.013 0.0052302 0)
(0.014 0.0052302 0)
(0.015 0.0052302 0)
(0.016 0.0052302 0)
(0.017 0.0052302 0)
(0.018 0.0052302 0)
(0.019 0.0052302 0)
(0.02 0.0052302 0)
(0.021 0.0052302 0)
(0.022 0.0052302 0)
(0.023 0.0052302 0)
(0.024 0.0052302 0)
(0.025 0.0052302 0)
(0.026 0.0052302 0)
(0.027 0.0052302 0)
(0.028 0.0052302 0)
(0.029 0.0052302 0)
(0.03 0.0052302 0)
(0.031 0.0052302 0)
(0.032 0.0052302 0)
(0.033 0.0052302 0)
(0.034 0.0052302 0)
(0.035 0.0052302 0)
(0.036 0.0052302 0)
(0.037 0.0052302 0)
(0.038 0.0052302 0)
(0.039 0.0052302 0)
(0.04 0.0052302 0)
(0.041 0.0052302 0)
(0.042 0.0052302 0)
(0.043 0.0052302 0)
(0.044 0.0052302 0)
(0.045 0.0052302 0)
(0.046 0.0052302 0)
(0.047 0.0052302 0)
(0.048 0.0052302 0)
(0.049 0.0052302 0)
(0.05 0.0052302 0)
(0.051 0.0052302 0)
(0.052 0.0052302 0)
(0.053 0.0052302 0)
(0.054 0.0052302 0)
(0.055 0.0052302 0)
(0.056 0.0052302 0)
(0.057 0.0052302 0)
(0.058 0.0052302 0)
(0.059 0.0052302 0)
(0.06 0.0052302 0)
(0.061 0.0052302 0)
(0.062 0.0052302 0)
(0.063 0.0052302 0)
(0.064 0.0052302 0)
(0.065 0.0052302 0)
(0.066 0.0052302 0)
(0.067 0.0052302 0)
(0.068 0.0052302 0)
(0.069 0.0052302 0)
(0.07 0.0052302 0)
(0.071 0.0052302 0)
(0.072 0.0052302 0)
(0.073 0.0052302 0)
(0.074 0.0052302 0)
(0.075 0.0052302 0)
(0.076 0.0052302 0)
(0.077 0.0052302 0)
(0.078 0.0052302 0)
(0.079 0.0052302 0)
(0.08 0.0052302 0)
(0.081 0.0052302 0)
(0.082 0.0052302 0)
(0.083 0.0052302 0)
(0.084 0.0052302 0)
(0.085 0.0052302 0)
(0.086 0.0052302 0)
(0.087 0.0052302 0)
(0.088 0.0052302 0)
(0.089 0.0052302 0)
(0.09 0.0052302 0)
(0.091 0.0052302 0)
(0.092 0.0052302 0)
(0.093 0.0052302 0)
(0.094 0.0052302 0)
(0.095 0.0052302 0)
(0.096 0.0052302 0)
(0.097 0.0052302 0)
(0.098 0.0052302 0)
(0.099 0.0052302 0)
(0.1 0.0052302 0)
(0 0.00536176 0)
(0.001 0.00536176 0)
(0.002 0.00536176 0)
(0.003 0.00536176 0)
(0.004 0.00536176 0)
(0.005 0.00536176 0)
(0.006 0.00536176 0)
(0.007 0.00536176 0)
(0.008 0.00536176 0)
(0.009 0.00536176 0)
(0.01 0.00536176 0)
(0.011 0.00536176 0)
(0.012 0.00536176 0)
(0.013 0.00536176 0)
(0.014 0.00536176 0)
(0.015 0.00536176 0)
(0.016 0.00536176 0)
(0.017 0.00536176 0)
(0.018 0.00536176 0)
(0.019 0.00536176 0)
(0.02 0.00536176 0)
(0.021 0.00536176 0)
(0.022 0.00536176 0)
(0.023 0.00536176 0)
(0.024 0.00536176 0)
(0.025 0.00536176 0)
(0.026 0.00536176 0)
(0.027 0.00536176 0)
(0.028 0.00536176 0)
(0.029 0.00536176 0)
(0.03 0.00536176 0)
(0.031 0.00536176 0)
(0.032 0.00536176 0)
(0.033 0.00536176 0)
(0.034 0.00536176 0)
(0.035 0.00536176 0)
(0.036 0.00536176 0)
(0.037 0.00536176 0)
(0.038 0.00536176 0)
(0.039 0.00536176 0)
(0.04 0.00536176 0)
(0.041 0.00536176 0)
(0.042 0.00536176 0)
(0.043 0.00536176 0)
(0.044 0.00536176 0)
(0.045 0.00536176 0)
(0.046 0.00536176 0)
(0.047 0.00536176 0)
(0.048 0.00536176 0)
(0.049 0.00536176 0)
(0.05 0.00536176 0)
(0.051 0.00536176 0)
(0.052 0.00536176 0)
(0.053 0.00536176 0)
(0.054 0.00536176 0)
(0.055 0.00536176 0)
(0.056 0.00536176 0)
(0.057 0.00536176 0)
(0.058 0.00536176 0)
(0.059 0.00536176 0)
(0.06 0.00536176 0)
(0.061 0.00536176 0)
(0.062 0.00536176 0)
(0.063 0.00536176 0)
(0.064 0.00536176 0)
(0.065 0.00536176 0)
(0.066 0.00536176 0)
(0.067 0.00536176 0)
(0.068 0.00536176 0)
(0.069 0.00536176 0)
(0.07 0.00536176 0)
(0.071 0.00536176 0)
(0.072 0.00536176 0)
(0.073 0.00536176 0)
(0.074 0.00536176 0)
(0.075 0.00536176 0)
(0.076 0.00536176 0)
(0.077 0.00536176 0)
(0.078 0.00536176 0)
(0.079 0.00536176 0)
(0.08 0.00536176 0)
(0.081 0.00536176 0)
(0.082 0.00536176 0)
(0.083 0.00536176 0)
(0.084 0.00536176 0)
(0.085 0.00536176 0)
(0.086 0.00536176 0)
(0.087 0.00536176 0)
(0.088 0.00536176 0)
(0.089 0.00536176 0)
(0.09 0.00536176 0)
(0.091 0.00536176 0)
(0.092 0.00536176 0)
(0.093 0.00536176 0)
(0.094 0.00536176 0)
(0.095 0.00536176 0)
(0.096 0.00536176 0)
(0.097 0.00536176 0)
(0.098 0.00536176 0)
(0.099 0.00536176 0)
(0.1 0.00536176 0)
(0 0.0055 0)
(0.001 0.0055 0)
(0.002 0.0055 0)
(0.003 0.0055 0)
(0.004 0.0055 0)
(0.005 0.0055 0)
(0.006 0.0055 0)
(0.007 0.0055 0)
(0.008 0.0055 0)
(0.009 0.0055 0)
(0.01 0.0055 0)
(0.011 0.0055 0)
(0.012 0.0055 0)
(0.013 0.0055 0)
(0.014 0.0055 0)
(0.015 0.0055 0)
(0.016 0.0055 0)
(0.017 0.0055 0)
(0.018 0.0055 0)
(0.019 0.0055 0)
(0.02 0.0055 0)
(0.021 0.0055 0)
(0.022 0.0055 0)
(0.023 0.0055 0)
(0.024 0.0055 0)
(0.025 0.0055 0)
(0.026 0.0055 0)
(0.027 0.0055 0)
(0.028 0.0055 0)
(0.029 0.0055 0)
(0.03 0.0055 0)
(0.031 0.0055 0)
(0.032 0.0055 0)
(0.033 0.0055 0)
(0.034 0.0055 0)
(0.035 0.0055 0)
(0.036 0.0055 0)
(0.037 0.0055 0)
(0.038 0.0055 0)
(0.039 0.0055 0)
(0.04 0.0055 0)
(0.041 0.0055 0)
(0.042 0.0055 0)
(0.043 0.0055 0)
(0.044 0.0055 0)
(0.045 0.0055 0)
(0.046 0.0055 0)
(0.047 0.0055 0)
(0.048 0.0055 0)
(0.049 0.0055 0)
(0.05 0.0055 0)
(0.051 0.0055 0)
(0.052 0.0055 0)
(0.053 0.0055 0)
(0.054 0.0055 0)
(0.055 0.0055 0)
(0.056 0.0055 0)
(0.057 0.0055 0)
(0.058 0.0055 0)
(0.059 0.0055 0)
(0.06 0.0055 0)
(0.061 0.0055 0)
(0.062 0.0055 0)
(0.063 0.0055 0)
(0.064 0.0055 0)
(0.065 0.0055 0)
(0.066 0.0055 0)
(0.067 0.0055 0)
(0.068 0.0055 0)
(0.069 0.0055 0)
(0.07 0.0055 0)
(0.071 0.0055 0)
(0.072 0.0055 0)
(0.073 0.0055 0)
(0.074 0.0055 0)
(0.075 0.0055 0)
(0.076 0.0055 0)
(0.077 0.0055 0)
(0.078 0.0055 0)
(0.079 0.0055 0)
(0.08 0.0055 0)
(0.081 0.0055 0)
(0.082 0.0055 0)
(0.083 0.0055 0)
(0.084 0.0055 0)
(0.085 0.0055 0)
(0.086 0.0055 0)
(0.087 0.0055 0)
(0.088 0.0055 0)
(0.089 0.0055 0)
(0.09 0.0055 0)
(0.091 0.0055 0)
(0.092 0.0055 0)
(0.093 0.0055 0)
(0.094 0.0055 0)
(0.095 0.0055 0)
(0.096 0.0055 0)
(0.097 0.0055 0)
(0.098 0.0055 0)
(0.099 0.0055 0)
(0.1 0.0055 0)
(0 0.00406912 0.002)
(0.001 0.00406912 0.002)
(0.002 0.00406912 0.002)
(0.003 0.00406912 0.002)
(0.004 0.00406912 0.002)
(0.005 0.00406912 0.002)
(0.006 0.00406912 0.002)
(0.007 0.00406912 0.002)
(0.008 0.00406912 0.002)
(0.009 0.00406912 0.002)
(0.01 0.00406912 0.002)
(0.011 0.00406912 0.002)
(0.012 0.00406912 0.002)
(0.013 0.00406912 0.002)
(0.014 0.00406912 0.002)
(0.015 0.00406912 0.002)
(0.016 0.00406912 0.002)
(0.017 0.00406912 0.002)
(0.018 0.00406912 0.002)
(0.019 0.00406912 0.002)
(0.02 0.00406912 0.002)
(0.021 0.00406912 0.002)
(0.022 0.00406912 0.002)
(0.023 0.00406912 0.002)
(0.024 0.00406912 0.002)
(0.025 0.00406912 0.002)
(0.026 0.00406912 0.002)
(0.027 0.00406912 0.002)
(0.028 0.00406912 0.002)
(0.029 0.00406912 0.002)
(0.03 0.00406912 0.002)
(0.031 0.00406912 0.002)
(0.032 0.00406912 0.002)
(0.033 0.00406912 0.002)
(0.034 0.00406912 0.002)
(0.035 0.00406912 0.002)
(0.036 0.00406912 0.002)
(0.037 0.00406912 0.002)
(0.038 0.00406912 0.002)
(0.039 0.00406912 0.002)
(0.04 0.00406912 0.002)
(0.041 0.00406912 0.002)
(0.042 0.00406912 0.002)
(0.043 0.00406912 0.002)
(0.044 0.00406912 0.002)
(0.045 0.00406912 0.002)
(0.046 0.00406912 0.002)
(0.047 0.00406912 0.002)
(0.048 0.00406912 0.002)
(0.049 0.00406912 0.002)
(0.05 0.00406912 0.002)
(0.051 0.00406912 0.002)
(0.052 0.00406912 0.002)
(0.053 0.00406912 0.002)
(0.054 0.00406912 0.002)
(0.055 0.00406912 0.002)
(0.056 0.00406912 0.002)
(0.057 0.00406912 0.002)
(0.058 0.00406912 0.002)
(0.059 0.00406912 0.002)
(0.06 0.00406912 0.002)
(0.061 0.00406912 0.002)
(0.062 0.00406912 0.002)
(0.063 0.00406912 0.002)
(0.064 0.00406912 0.002)
(0.065 0.00406912 0.002)
(0.066 0.00406912 0.002)
(0.067 0.00406912 0.002)
(0.068 0.00406912 0.002)
(0.069 0.00406912 0.002)
(0.07 0.00406912 0.002)
(0.071 0.00406912 0.002)
(0.072 0.00406912 0.002)
(0.073 0.00406912 0.002)
(0.074 0.00406912 0.002)
(0.075 0.00406912 0.002)
(0.076 0.00406912 0.002)
(0.077 0.00406912 0.002)
(0.078 0.00406912 0.002)
(0.079 0.00406912 0.002)
(0.08 0.00406912 0.002)
(0.081 0.00406912 0.002)
(0.082 0.00406912 0.002)
(0.083 0.00406912 0.002)
(0.084 0.00406912 0.002)
(0.085 0.00406912 0.002)
(0.086 0.00406912 0.002)
(0.087 0.00406912 0.002)
(0.088 0.00406912 0.002)
(0.089 0.00406912 0.002)
(0.09 0.00406912 0.002)
(0.091 0.00406912 0.002)
(0.092 0.00406912 0.002)
(0.093 0.00406912 0.002)
(0.094 0.00406912 0.002)
(0.095 0.00406912 0.002)
(0.096 0.00406912 0.002)
(0.097 0.00406912 0.002)
(0.098 0.00406912 0.002)
(0.099 0.00406912 0.002)
(0.1 0.00406912 0.002)
(0 0.00414175 0.002)
(0.001 0.00414175 0.002)
(0.002 0.00414175 0.002)
(0.003 0.00414175 0.002)
(0.004 0.00414175 0.002)
(0.005 0.00414175 0.002)
(0.006 0.00414175 0.002)
(0.007 0.00414175 0.002)
(0.008 0.00414175 0.002)
(0.009 0.00414175 0.002)
(0.01 0.00414175 0.002)
(0.011 0.00414175 0.002)
(0.012 0.00414175 0.002)
(0.013 0.00414175 0.002)
(0.014 0.00414175 0.002)
(0.015 0.00414175 0.002)
(0.016 0.00414175 0.002)
(0.017 0.00414175 0.002)
(0.018 0.00414175 0.002)
(0.019 0.00414175 0.002)
(0.02 0.00414175 0.002)
(0.021 0.00414175 0.002)
(0.022 0.00414175 0.002)
(0.023 0.00414175 0.002)
(0.024 0.00414175 0.002)
(0.025 0.00414175 0.002)
(0.026 0.00414175 0.002)
(0.027 0.00414175 0.002)
(0.028 0.00414175 0.002)
(0.029 0.00414175 0.002)
(0.03 0.00414175 0.002)
(0.031 0.00414175 0.002)
(0.032 0.00414175 0.002)
(0.033 0.00414175 0.002)
(0.034 0.00414175 0.002)
(0.035 0.00414175 0.002)
(0.036 0.00414175 0.002)
(0.037 0.00414175 0.002)
(0.038 0.00414175 0.002)
(0.039 0.00414175 0.002)
(0.04 0.00414175 0.002)
(0.041 0.00414175 0.002)
(0.042 0.00414175 0.002)
(0.043 0.00414175 0.002)
(0.044 0.00414175 0.002)
(0.045 0.00414175 0.002)
(0.046 0.00414175 0.002)
(0.047 0.00414175 0.002)
(0.048 0.00414175 0.002)
(0.049 0.00414175 0.002)
(0.05 0.00414175 0.002)
(0.051 0.00414175 0.002)
(0.052 0.00414175 0.002)
(0.053 0.00414175 0.002)
(0.054 0.00414175 0.002)
(0.055 0.00414175 0.002)
(0.056 0.00414175 0.002)
(0.057 0.00414175 0.002)
(0.058 0.00414175 0.002)
(0.059 0.00414175 0.002)
(0.06 0.00414175 0.002)
(0.061 0.00414175 0.002)
(0.062 0.00414175 0.002)
(0.063 0.00414175 0.002)
(0.064 0.00414175 0.002)
(0.065 0.00414175 0.002)
(0.066 0.00414175 0.002)
(0.067 0.00414175 0.002)
(0.068 0.00414175 0.002)
(0.069 0.00414175 0.002)
(0.07 0.00414175 0.002)
(0.071 0.00414175 0.002)
(0.072 0.00414175 0.002)
(0.073 0.00414175 0.002)
(0.074 0.00414175 0.002)
(0.075 0.00414175 0.002)
(0.076 0.00414175 0.002)
(0.077 0.00414175 0.002)
(0.078 0.00414175 0.002)
(0.079 0.00414175 0.002)
(0.08 0.00414175 0.002)
(0.081 0.00414175 0.002)
(0.082 0.00414175 0.002)
(0.083 0.00414175 0.002)
(0.084 0.00414175 0.002)
(0.085 0.00414175 0.002)
(0.086 0.00414175 0.002)
(0.087 0.00414175 0.002)
(0.088 0.00414175 0.002)
(0.089 0.00414175 0.002)
(0.09 0.00414175 0.002)
(0.091 0.00414175 0.002)
(0.092 0.00414175 0.002)
(0.093 0.00414175 0.002)
(0.094 0.00414175 0.002)
(0.095 0.00414175 0.002)
(0.096 0.00414175 0.002)
(0.097 0.00414175 0.002)
(0.098 0.00414175 0.002)
(0.099 0.00414175 0.002)
(0.1 0.00414175 0.002)
(0 0.00421806 0.002)
(0.001 0.00421806 0.002)
(0.002 0.00421806 0.002)
(0.003 0.00421806 0.002)
(0.004 0.00421806 0.002)
(0.005 0.00421806 0.002)
(0.006 0.00421806 0.002)
(0.007 0.00421806 0.002)
(0.008 0.00421806 0.002)
(0.009 0.00421806 0.002)
(0.01 0.00421806 0.002)
(0.011 0.00421806 0.002)
(0.012 0.00421806 0.002)
(0.013 0.00421806 0.002)
(0.014 0.00421806 0.002)
(0.015 0.00421806 0.002)
(0.016 0.00421806 0.002)
(0.017 0.00421806 0.002)
(0.018 0.00421806 0.002)
(0.019 0.00421806 0.002)
(0.02 0.00421806 0.002)
(0.021 0.00421806 0.002)
(0.022 0.00421806 0.002)
(0.023 0.00421806 0.002)
(0.024 0.00421806 0.002)
(0.025 0.00421806 0.002)
(0.026 0.00421806 0.002)
(0.027 0.00421806 0.002)
(0.028 0.00421806 0.002)
(0.029 0.00421806 0.002)
(0.03 0.00421806 0.002)
(0.031 0.00421806 0.002)
(0.032 0.00421806 0.002)
(0.033 0.00421806 0.002)
(0.034 0.00421806 0.002)
(0.035 0.00421806 0.002)
(0.036 0.00421806 0.002)
(0.037 0.00421806 0.002)
(0.038 0.00421806 0.002)
(0.039 0.00421806 0.002)
(0.04 0.00421806 0.002)
(0.041 0.00421806 0.002)
(0.042 0.00421806 0.002)
(0.043 0.00421806 0.002)
(0.044 0.00421806 0.002)
(0.045 0.00421806 0.002)
(0.046 0.00421806 0.002)
(0.047 0.00421806 0.002)
(0.048 0.00421806 0.002)
(0.049 0.00421806 0.002)
(0.05 0.00421806 0.002)
(0.051 0.00421806 0.002)
(0.052 0.00421806 0.002)
(0.053 0.00421806 0.002)
(0.054 0.00421806 0.002)
(0.055 0.00421806 0.002)
(0.056 0.00421806 0.002)
(0.057 0.00421806 0.002)
(0.058 0.00421806 0.002)
(0.059 0.00421806 0.002)
(0.06 0.00421806 0.002)
(0.061 0.00421806 0.002)
(0.062 0.00421806 0.002)
(0.063 0.00421806 0.002)
(0.064 0.00421806 0.002)
(0.065 0.00421806 0.002)
(0.066 0.00421806 0.002)
(0.067 0.00421806 0.002)
(0.068 0.00421806 0.002)
(0.069 0.00421806 0.002)
(0.07 0.00421806 0.002)
(0.071 0.00421806 0.002)
(0.072 0.00421806 0.002)
(0.073 0.00421806 0.002)
(0.074 0.00421806 0.002)
(0.075 0.00421806 0.002)
(0.076 0.00421806 0.002)
(0.077 0.00421806 0.002)
(0.078 0.00421806 0.002)
(0.079 0.00421806 0.002)
(0.08 0.00421806 0.002)
(0.081 0.00421806 0.002)
(0.082 0.00421806 0.002)
(0.083 0.00421806 0.002)
(0.084 0.00421806 0.002)
(0.085 0.00421806 0.002)
(0.086 0.00421806 0.002)
(0.087 0.00421806 0.002)
(0.088 0.00421806 0.002)
(0.089 0.00421806 0.002)
(0.09 0.00421806 0.002)
(0.091 0.00421806 0.002)
(0.092 0.00421806 0.002)
(0.093 0.00421806 0.002)
(0.094 0.00421806 0.002)
(0.095 0.00421806 0.002)
(0.096 0.00421806 0.002)
(0.097 0.00421806 0.002)
(0.098 0.00421806 0.002)
(0.099 0.00421806 0.002)
(0.1 0.00421806 0.002)
(0 0.00429824 0.002)
(0.001 0.00429824 0.002)
(0.002 0.00429824 0.002)
(0.003 0.00429824 0.002)
(0.004 0.00429824 0.002)
(0.005 0.00429824 0.002)
(0.006 0.00429824 0.002)
(0.007 0.00429824 0.002)
(0.008 0.00429824 0.002)
(0.009 0.00429824 0.002)
(0.01 0.00429824 0.002)
(0.011 0.00429824 0.002)
(0.012 0.00429824 0.002)
(0.013 0.00429824 0.002)
(0.014 0.00429824 0.002)
(0.015 0.00429824 0.002)
(0.016 0.00429824 0.002)
(0.017 0.00429824 0.002)
(0.018 0.00429824 0.002)
(0.019 0.00429824 0.002)
(0.02 0.00429824 0.002)
(0.021 0.00429824 0.002)
(0.022 0.00429824 0.002)
(0.023 0.00429824 0.002)
(0.024 0.00429824 0.002)
(0.025 0.00429824 0.002)
(0.026 0.00429824 0.002)
(0.027 0.00429824 0.002)
(0.028 0.00429824 0.002)
(0.029 0.00429824 0.002)
(0.03 0.00429824 0.002)
(0.031 0.00429824 0.002)
(0.032 0.00429824 0.002)
(0.033 0.00429824 0.002)
(0.034 0.00429824 0.002)
(0.035 0.00429824 0.002)
(0.036 0.00429824 0.002)
(0.037 0.00429824 0.002)
(0.038 0.00429824 0.002)
(0.039 0.00429824 0.002)
(0.04 0.00429824 0.002)
(0.041 0.00429824 0.002)
(0.042 0.00429824 0.002)
(0.043 0.00429824 0.002)
(0.044 0.00429824 0.002)
(0.045 0.00429824 0.002)
(0.046 0.00429824 0.002)
(0.047 0.00429824 0.002)
(0.048 0.00429824 0.002)
(0.049 0.00429824 0.002)
(0.05 0.00429824 0.002)
(0.051 0.00429824 0.002)
(0.052 0.00429824 0.002)
(0.053 0.00429824 0.002)
(0.054 0.00429824 0.002)
(0.055 0.00429824 0.002)
(0.056 0.00429824 0.002)
(0.057 0.00429824 0.002)
(0.058 0.00429824 0.002)
(0.059 0.00429824 0.002)
(0.06 0.00429824 0.002)
(0.061 0.00429824 0.002)
(0.062 0.00429824 0.002)
(0.063 0.00429824 0.002)
(0.064 0.00429824 0.002)
(0.065 0.00429824 0.002)
(0.066 0.00429824 0.002)
(0.067 0.00429824 0.002)
(0.068 0.00429824 0.002)
(0.069 0.00429824 0.002)
(0.07 0.00429824 0.002)
(0.071 0.00429824 0.002)
(0.072 0.00429824 0.002)
(0.073 0.00429824 0.002)
(0.074 0.00429824 0.002)
(0.075 0.00429824 0.002)
(0.076 0.00429824 0.002)
(0.077 0.00429824 0.002)
(0.078 0.00429824 0.002)
(0.079 0.00429824 0.002)
(0.08 0.00429824 0.002)
(0.081 0.00429824 0.002)
(0.082 0.00429824 0.002)
(0.083 0.00429824 0.002)
(0.084 0.00429824 0.002)
(0.085 0.00429824 0.002)
(0.086 0.00429824 0.002)
(0.087 0.00429824 0.002)
(0.088 0.00429824 0.002)
(0.089 0.00429824 0.002)
(0.09 0.00429824 0.002)
(0.091 0.00429824 0.002)
(0.092 0.00429824 0.002)
(0.093 0.00429824 0.002)
(0.094 0.00429824 0.002)
(0.095 0.00429824 0.002)
(0.096 0.00429824 0.002)
(0.097 0.00429824 0.002)
(0.098 0.00429824 0.002)
(0.099 0.00429824 0.002)
(0.1 0.00429824 0.002)
(0 0.0043825 0.002)
(0.001 0.0043825 0.002)
(0.002 0.0043825 0.002)
(0.003 0.0043825 0.002)
(0.004 0.0043825 0.002)
(0.005 0.0043825 0.002)
(0.006 0.0043825 0.002)
(0.007 0.0043825 0.002)
(0.008 0.0043825 0.002)
(0.009 0.0043825 0.002)
(0.01 0.0043825 0.002)
(0.011 0.0043825 0.002)
(0.012 0.0043825 0.002)
(0.013 0.0043825 0.002)
(0.014 0.0043825 0.002)
(0.015 0.0043825 0.002)
(0.016 0.0043825 0.002)
(0.017 0.0043825 0.002)
(0.018 0.0043825 0.002)
(0.019 0.0043825 0.002)
(0.02 0.0043825 0.002)
(0.021 0.0043825 0.002)
(0.022 0.0043825 0.002)
(0.023 0.0043825 0.002)
(0.024 0.0043825 0.002)
(0.025 0.0043825 0.002)
(0.026 0.0043825 0.002)
(0.027 0.0043825 0.002)
(0.028 0.0043825 0.002)
(0.029 0.0043825 0.002)
(0.03 0.0043825 0.002)
(0.031 0.0043825 0.002)
(0.032 0.0043825 0.002)
(0.033 0.0043825 0.002)
(0.034 0.0043825 0.002)
(0.035 0.0043825 0.002)
(0.036 0.0043825 0.002)
(0.037 0.0043825 0.002)
(0.038 0.0043825 0.002)
(0.039 0.0043825 0.002)
(0.04 0.0043825 0.002)
(0.041 0.0043825 0.002)
(0.042 0.0043825 0.002)
(0.043 0.0043825 0.002)
(0.044 0.0043825 0.002)
(0.045 0.0043825 0.002)
(0.046 0.0043825 0.002)
(0.047 0.0043825 0.002)
(0.048 0.0043825 0.002)
(0.049 0.0043825 0.002)
(0.05 0.0043825 0.002)
(0.051 0.0043825 0.002)
(0.052 0.0043825 0.002)
(0.053 0.0043825 0.002)
(0.054 0.0043825 0.002)
(0.055 0.0043825 0.002)
(0.056 0.0043825 0.002)
(0.057 0.0043825 0.002)
(0.058 0.0043825 0.002)
(0.059 0.0043825 0.002)
(0.06 0.0043825 0.002)
(0.061 0.0043825 0.002)
(0.062 0.0043825 0.002)
(0.063 0.0043825 0.002)
(0.064 0.0043825 0.002)
(0.065 0.0043825 0.002)
(0.066 0.0043825 0.002)
(0.067 0.0043825 0.002)
(0.068 0.0043825 0.002)
(0.069 0.0043825 0.002)
(0.07 0.0043825 0.002)
(0.071 0.0043825 0.002)
(0.072 0.0043825 0.002)
(0.073 0.0043825 0.002)
(0.074 0.0043825 0.002)
(0.075 0.0043825 0.002)
(0.076 0.0043825 0.002)
(0.077 0.0043825 0.002)
(0.078 0.0043825 0.002)
(0.079 0.0043825 0.002)
(0.08 0.0043825 0.002)
(0.081 0.0043825 0.002)
(0.082 0.0043825 0.002)
(0.083 0.0043825 0.002)
(0.084 0.0043825 0.002)
(0.085 0.0043825 0.002)
(0.086 0.0043825 0.002)
(0.087 0.0043825 0.002)
(0.088 0.0043825 0.002)
(0.089 0.0043825 0.002)
(0.09 0.0043825 0.002)
(0.091 0.0043825 0.002)
(0.092 0.0043825 0.002)
(0.093 0.0043825 0.002)
(0.094 0.0043825 0.002)
(0.095 0.0043825 0.002)
(0.096 0.0043825 0.002)
(0.097 0.0043825 0.002)
(0.098 0.0043825 0.002)
(0.099 0.0043825 0.002)
(0.1 0.0043825 0.002)
(0 0.00447103 0.002)
(0.001 0.00447103 0.002)
(0.002 0.00447103 0.002)
(0.003 0.00447103 0.002)
(0.004 0.00447103 0.002)
(0.005 0.00447103 0.002)
(0.006 0.00447103 0.002)
(0.007 0.00447103 0.002)
(0.008 0.00447103 0.002)
(0.009 0.00447103 0.002)
(0.01 0.00447103 0.002)
(0.011 0.00447103 0.002)
(0.012 0.00447103 0.002)
(0.013 0.00447103 0.002)
(0.014 0.00447103 0.002)
(0.015 0.00447103 0.002)
(0.016 0.00447103 0.002)
(0.017 0.00447103 0.002)
(0.018 0.00447103 0.002)
(0.019 0.00447103 0.002)
(0.02 0.00447103 0.002)
(0.021 0.00447103 0.002)
(0.022 0.00447103 0.002)
(0.023 0.00447103 0.002)
(0.024 0.00447103 0.002)
(0.025 0.00447103 0.002)
(0.026 0.00447103 0.002)
(0.027 0.00447103 0.002)
(0.028 0.00447103 0.002)
(0.029 0.00447103 0.002)
(0.03 0.00447103 0.002)
(0.031 0.00447103 0.002)
(0.032 0.00447103 0.002)
(0.033 0.00447103 0.002)
(0.034 0.00447103 0.002)
(0.035 0.00447103 0.002)
(0.036 0.00447103 0.002)
(0.037 0.00447103 0.002)
(0.038 0.00447103 0.002)
(0.039 0.00447103 0.002)
(0.04 0.00447103 0.002)
(0.041 0.00447103 0.002)
(0.042 0.00447103 0.002)
(0.043 0.00447103 0.002)
(0.044 0.00447103 0.002)
(0.045 0.00447103 0.002)
(0.046 0.00447103 0.002)
(0.047 0.00447103 0.002)
(0.048 0.00447103 0.002)
(0.049 0.00447103 0.002)
(0.05 0.00447103 0.002)
(0.051 0.00447103 0.002)
(0.052 0.00447103 0.002)
(0.053 0.00447103 0.002)
(0.054 0.00447103 0.002)
(0.055 0.00447103 0.002)
(0.056 0.00447103 0.002)
(0.057 0.00447103 0.002)
(0.058 0.00447103 0.002)
(0.059 0.00447103 0.002)
(0.06 0.00447103 0.002)
(0.061 0.00447103 0.002)
(0.062 0.00447103 0.002)
(0.063 0.00447103 0.002)
(0.064 0.00447103 0.002)
(0.065 0.00447103 0.002)
(0.066 0.00447103 0.002)
(0.067 0.00447103 0.002)
(0.068 0.00447103 0.002)
(0.069 0.00447103 0.002)
(0.07 0.00447103 0.002)
(0.071 0.00447103 0.002)
(0.072 0.00447103 0.002)
(0.073 0.00447103 0.002)
(0.074 0.00447103 0.002)
(0.075 0.00447103 0.002)
(0.076 0.00447103 0.002)
(0.077 0.00447103 0.002)
(0.078 0.00447103 0.002)
(0.079 0.00447103 0.002)
(0.08 0.00447103 0.002)
(0.081 0.00447103 0.002)
(0.082 0.00447103 0.002)
(0.083 0.00447103 0.002)
(0.084 0.00447103 0.002)
(0.085 0.00447103 0.002)
(0.086 0.00447103 0.002)
(0.087 0.00447103 0.002)
(0.088 0.00447103 0.002)
(0.089 0.00447103 0.002)
(0.09 0.00447103 0.002)
(0.091 0.00447103 0.002)
(0.092 0.00447103 0.002)
(0.093 0.00447103 0.002)
(0.094 0.00447103 0.002)
(0.095 0.00447103 0.002)
(0.096 0.00447103 0.002)
(0.097 0.00447103 0.002)
(0.098 0.00447103 0.002)
(0.099 0.00447103 0.002)
(0.1 0.00447103 0.002)
(0 0.00456406 0.002)
(0.001 0.00456406 0.002)
(0.002 0.00456406 0.002)
(0.003 0.00456406 0.002)
(0.004 0.00456406 0.002)
(0.005 0.00456406 0.002)
(0.006 0.00456406 0.002)
(0.007 0.00456406 0.002)
(0.008 0.00456406 0.002)
(0.009 0.00456406 0.002)
(0.01 0.00456406 0.002)
(0.011 0.00456406 0.002)
(0.012 0.00456406 0.002)
(0.013 0.00456406 0.002)
(0.014 0.00456406 0.002)
(0.015 0.00456406 0.002)
(0.016 0.00456406 0.002)
(0.017 0.00456406 0.002)
(0.018 0.00456406 0.002)
(0.019 0.00456406 0.002)
(0.02 0.00456406 0.002)
(0.021 0.00456406 0.002)
(0.022 0.00456406 0.002)
(0.023 0.00456406 0.002)
(0.024 0.00456406 0.002)
(0.025 0.00456406 0.002)
(0.026 0.00456406 0.002)
(0.027 0.00456406 0.002)
(0.028 0.00456406 0.002)
(0.029 0.00456406 0.002)
(0.03 0.00456406 0.002)
(0.031 0.00456406 0.002)
(0.032 0.00456406 0.002)
(0.033 0.00456406 0.002)
(0.034 0.00456406 0.002)
(0.035 0.00456406 0.002)
(0.036 0.00456406 0.002)
(0.037 0.00456406 0.002)
(0.038 0.00456406 0.002)
(0.039 0.00456406 0.002)
(0.04 0.00456406 0.002)
(0.041 0.00456406 0.002)
(0.042 0.00456406 0.002)
(0.043 0.00456406 0.002)
(0.044 0.00456406 0.002)
(0.045 0.00456406 0.002)
(0.046 0.00456406 0.002)
(0.047 0.00456406 0.002)
(0.048 0.00456406 0.002)
(0.049 0.00456406 0.002)
(0.05 0.00456406 0.002)
(0.051 0.00456406 0.002)
(0.052 0.00456406 0.002)
(0.053 0.00456406 0.002)
(0.054 0.00456406 0.002)
(0.055 0.00456406 0.002)
(0.056 0.00456406 0.002)
(0.057 0.00456406 0.002)
(0.058 0.00456406 0.002)
(0.059 0.00456406 0.002)
(0.06 0.00456406 0.002)
(0.061 0.00456406 0.002)
(0.062 0.00456406 0.002)
(0.063 0.00456406 0.002)
(0.064 0.00456406 0.002)
(0.065 0.00456406 0.002)
(0.066 0.00456406 0.002)
(0.067 0.00456406 0.002)
(0.068 0.00456406 0.002)
(0.069 0.00456406 0.002)
(0.07 0.00456406 0.002)
(0.071 0.00456406 0.002)
(0.072 0.00456406 0.002)
(0.073 0.00456406 0.002)
(0.074 0.00456406 0.002)
(0.075 0.00456406 0.002)
(0.076 0.00456406 0.002)
(0.077 0.00456406 0.002)
(0.078 0.00456406 0.002)
(0.079 0.00456406 0.002)
(0.08 0.00456406 0.002)
(0.081 0.00456406 0.002)
(0.082 0.00456406 0.002)
(0.083 0.00456406 0.002)
(0.084 0.00456406 0.002)
(0.085 0.00456406 0.002)
(0.086 0.00456406 0.002)
(0.087 0.00456406 0.002)
(0.088 0.00456406 0.002)
(0.089 0.00456406 0.002)
(0.09 0.00456406 0.002)
(0.091 0.00456406 0.002)
(0.092 0.00456406 0.002)
(0.093 0.00456406 0.002)
(0.094 0.00456406 0.002)
(0.095 0.00456406 0.002)
(0.096 0.00456406 0.002)
(0.097 0.00456406 0.002)
(0.098 0.00456406 0.002)
(0.099 0.00456406 0.002)
(0.1 0.00456406 0.002)
(0 0.00466181 0.002)
(0.001 0.00466181 0.002)
(0.002 0.00466181 0.002)
(0.003 0.00466181 0.002)
(0.004 0.00466181 0.002)
(0.005 0.00466181 0.002)
(0.006 0.00466181 0.002)
(0.007 0.00466181 0.002)
(0.008 0.00466181 0.002)
(0.009 0.00466181 0.002)
(0.01 0.00466181 0.002)
(0.011 0.00466181 0.002)
(0.012 0.00466181 0.002)
(0.013 0.00466181 0.002)
(0.014 0.00466181 0.002)
(0.015 0.00466181 0.002)
(0.016 0.00466181 0.002)
(0.017 0.00466181 0.002)
(0.018 0.00466181 0.002)
(0.019 0.00466181 0.002)
(0.02 0.00466181 0.002)
(0.021 0.00466181 0.002)
(0.022 0.00466181 0.002)
(0.023 0.00466181 0.002)
(0.024 0.00466181 0.002)
(0.025 0.00466181 0.002)
(0.026 0.00466181 0.002)
(0.027 0.00466181 0.002)
(0.028 0.00466181 0.002)
(0.029 0.00466181 0.002)
(0.03 0.00466181 0.002)
(0.031 0.00466181 0.002)
(0.032 0.00466181 0.002)
(0.033 0.00466181 0.002)
(0.034 0.00466181 0.002)
(0.035 0.00466181 0.002)
(0.036 0.00466181 0.002)
(0.037 0.00466181 0.002)
(0.038 0.00466181 0.002)
(0.039 0.00466181 0.002)
(0.04 0.00466181 0.002)
(0.041 0.00466181 0.002)
(0.042 0.00466181 0.002)
(0.043 0.00466181 0.002)
(0.044 0.00466181 0.002)
(0.045 0.00466181 0.002)
(0.046 0.00466181 0.002)
(0.047 0.00466181 0.002)
(0.048 0.00466181 0.002)
(0.049 0.00466181 0.002)
(0.05 0.00466181 0.002)
(0.051 0.00466181 0.002)
(0.052 0.00466181 0.002)
(0.053 0.00466181 0.002)
(0.054 0.00466181 0.002)
(0.055 0.00466181 0.002)
(0.056 0.00466181 0.002)
(0.057 0.00466181 0.002)
(0.058 0.00466181 0.002)
(0.059 0.00466181 0.002)
(0.06 0.00466181 0.002)
(0.061 0.00466181 0.002)
(0.062 0.00466181 0.002)
(0.063 0.00466181 0.002)
(0.064 0.00466181 0.002)
(0.065 0.00466181 0.002)
(0.066 0.00466181 0.002)
(0.067 0.00466181 0.002)
(0.068 0.00466181 0.002)
(0.069 0.00466181 0.002)
(0.07 0.00466181 0.002)
(0.071 0.00466181 0.002)
(0.072 0.00466181 0.002)
(0.073 0.00466181 0.002)
(0.074 0.00466181 0.002)
(0.075 0.00466181 0.002)
(0.076 0.00466181 0.002)
(0.077 0.00466181 0.002)
(0.078 0.00466181 0.002)
(0.079 0.00466181 0.002)
(0.08 0.00466181 0.002)
(0.081 0.00466181 0.002)
(0.082 0.00466181 0.002)
(0.083 0.00466181 0.002)
(0.084 0.00466181 0.002)
(0.085 0.00466181 0.002)
(0.086 0.00466181 0.002)
(0.087 0.00466181 0.002)
(0.088 0.00466181 0.002)
(0.089 0.00466181 0.002)
(0.09 0.00466181 0.002)
(0.091 0.00466181 0.002)
(0.092 0.00466181 0.002)
(0.093 0.00466181 0.002)
(0.094 0.00466181 0.002)
(0.095 0.00466181 0.002)
(0.096 0.00466181 0.002)
(0.097 0.00466181 0.002)
(0.098 0.00466181 0.002)
(0.099 0.00466181 0.002)
(0.1 0.00466181 0.002)
(0 0.00476452 0.002)
(0.001 0.00476452 0.002)
(0.002 0.00476452 0.002)
(0.003 0.00476452 0.002)
(0.004 0.00476452 0.002)
(0.005 0.00476452 0.002)
(0.006 0.00476452 0.002)
(0.007 0.00476452 0.002)
(0.008 0.00476452 0.002)
(0.009 0.00476452 0.002)
(0.01 0.00476452 0.002)
(0.011 0.00476452 0.002)
(0.012 0.00476452 0.002)
(0.013 0.00476452 0.002)
(0.014 0.00476452 0.002)
(0.015 0.00476452 0.002)
(0.016 0.00476452 0.002)
(0.017 0.00476452 0.002)
(0.018 0.00476452 0.002)
(0.019 0.00476452 0.002)
(0.02 0.00476452 0.002)
(0.021 0.00476452 0.002)
(0.022 0.00476452 0.002)
(0.023 0.00476452 0.002)
(0.024 0.00476452 0.002)
(0.025 0.00476452 0.002)
(0.026 0.00476452 0.002)
(0.027 0.00476452 0.002)
(0.028 0.00476452 0.002)
(0.029 0.00476452 0.002)
(0.03 0.00476452 0.002)
(0.031 0.00476452 0.002)
(0.032 0.00476452 0.002)
(0.033 0.00476452 0.002)
(0.034 0.00476452 0.002)
(0.035 0.00476452 0.002)
(0.036 0.00476452 0.002)
(0.037 0.00476452 0.002)
(0.038 0.00476452 0.002)
(0.039 0.00476452 0.002)
(0.04 0.00476452 0.002)
(0.041 0.00476452 0.002)
(0.042 0.00476452 0.002)
(0.043 0.00476452 0.002)
(0.044 0.00476452 0.002)
(0.045 0.00476452 0.002)
(0.046 0.00476452 0.002)
(0.047 0.00476452 0.002)
(0.048 0.00476452 0.002)
(0.049 0.00476452 0.002)
(0.05 0.00476452 0.002)
(0.051 0.00476452 0.002)
(0.052 0.00476452 0.002)
(0.053 0.00476452 0.002)
(0.054 0.00476452 0.002)
(0.055 0.00476452 0.002)
(0.056 0.00476452 0.002)
(0.057 0.00476452 0.002)
(0.058 0.00476452 0.002)
(0.059 0.00476452 0.002)
(0.06 0.00476452 0.002)
(0.061 0.00476452 0.002)
(0.062 0.00476452 0.002)
(0.063 0.00476452 0.002)
(0.064 0.00476452 0.002)
(0.065 0.00476452 0.002)
(0.066 0.00476452 0.002)
(0.067 0.00476452 0.002)
(0.068 0.00476452 0.002)
(0.069 0.00476452 0.002)
(0.07 0.00476452 0.002)
(0.071 0.00476452 0.002)
(0.072 0.00476452 0.002)
(0.073 0.00476452 0.002)
(0.074 0.00476452 0.002)
(0.075 0.00476452 0.002)
(0.076 0.00476452 0.002)
(0.077 0.00476452 0.002)
(0.078 0.00476452 0.002)
(0.079 0.00476452 0.002)
(0.08 0.00476452 0.002)
(0.081 0.00476452 0.002)
(0.082 0.00476452 0.002)
(0.083 0.00476452 0.002)
(0.084 0.00476452 0.002)
(0.085 0.00476452 0.002)
(0.086 0.00476452 0.002)
(0.087 0.00476452 0.002)
(0.088 0.00476452 0.002)
(0.089 0.00476452 0.002)
(0.09 0.00476452 0.002)
(0.091 0.00476452 0.002)
(0.092 0.00476452 0.002)
(0.093 0.00476452 0.002)
(0.094 0.00476452 0.002)
(0.095 0.00476452 0.002)
(0.096 0.00476452 0.002)
(0.097 0.00476452 0.002)
(0.098 0.00476452 0.002)
(0.099 0.00476452 0.002)
(0.1 0.00476452 0.002)
(0 0.00487244 0.002)
(0.001 0.00487244 0.002)
(0.002 0.00487244 0.002)
(0.003 0.00487244 0.002)
(0.004 0.00487244 0.002)
(0.005 0.00487244 0.002)
(0.006 0.00487244 0.002)
(0.007 0.00487244 0.002)
(0.008 0.00487244 0.002)
(0.009 0.00487244 0.002)
(0.01 0.00487244 0.002)
(0.011 0.00487244 0.002)
(0.012 0.00487244 0.002)
(0.013 0.00487244 0.002)
(0.014 0.00487244 0.002)
(0.015 0.00487244 0.002)
(0.016 0.00487244 0.002)
(0.017 0.00487244 0.002)
(0.018 0.00487244 0.002)
(0.019 0.00487244 0.002)
(0.02 0.00487244 0.002)
(0.021 0.00487244 0.002)
(0.022 0.00487244 0.002)
(0.023 0.00487244 0.002)
(0.024 0.00487244 0.002)
(0.025 0.00487244 0.002)
(0.026 0.00487244 0.002)
(0.027 0.00487244 0.002)
(0.028 0.00487244 0.002)
(0.029 0.00487244 0.002)
(0.03 0.00487244 0.002)
(0.031 0.00487244 0.002)
(0.032 0.00487244 0.002)
(0.033 0.00487244 0.002)
(0.034 0.00487244 0.002)
(0.035 0.00487244 0.002)
(0.036 0.00487244 0.002)
(0.037 0.00487244 0.002)
(0.038 0.00487244 0.002)
(0.039 0.00487244 0.002)
(0.04 0.00487244 0.002)
(0.041 0.00487244 0.002)
(0.042 0.00487244 0.002)
(0.043 0.00487244 0.002)
(0.044 0.00487244 0.002)
(0.045 0.00487244 0.002)
(0.046 0.00487244 0.002)
(0.047 0.00487244 0.002)
(0.048 0.00487244 0.002)
(0.049 0.00487244 0.002)
(0.05 0.00487244 0.002)
(0.051 0.00487244 0.002)
(0.052 0.00487244 0.002)
(0.053 0.00487244 0.002)
(0.054 0.00487244 0.002)
(0.055 0.00487244 0.002)
(0.056 0.00487244 0.002)
(0.057 0.00487244 0.002)
(0.058 0.00487244 0.002)
(0.059 0.00487244 0.002)
(0.06 0.00487244 0.002)
(0.061 0.00487244 0.002)
(0.062 0.00487244 0.002)
(0.063 0.00487244 0.002)
(0.064 0.00487244 0.002)
(0.065 0.00487244 0.002)
(0.066 0.00487244 0.002)
(0.067 0.00487244 0.002)
(0.068 0.00487244 0.002)
(0.069 0.00487244 0.002)
(0.07 0.00487244 0.002)
(0.071 0.00487244 0.002)
(0.072 0.00487244 0.002)
(0.073 0.00487244 0.002)
(0.074 0.00487244 0.002)
(0.075 0.00487244 0.002)
(0.076 0.00487244 0.002)
(0.077 0.00487244 0.002)
(0.078 0.00487244 0.002)
(0.079 0.00487244 0.002)
(0.08 0.00487244 0.002)
(0.081 0.00487244 0.002)
(0.082 0.00487244 0.002)
(0.083 0.00487244 0.002)
(0.084 0.00487244 0.002)
(0.085 0.00487244 0.002)
(0.086 0.00487244 0.002)
(0.087 0.00487244 0.002)
(0.088 0.00487244 0.002)
(0.089 0.00487244 0.002)
(0.09 0.00487244 0.002)
(0.091 0.00487244 0.002)
(0.092 0.00487244 0.002)
(0.093 0.00487244 0.002)
(0.094 0.00487244 0.002)
(0.095 0.00487244 0.002)
(0.096 0.00487244 0.002)
(0.097 0.00487244 0.002)
(0.098 0.00487244 0.002)
(0.099 0.00487244 0.002)
(0.1 0.00487244 0.002)
(0 0.00498584 0.002)
(0.001 0.00498584 0.002)
(0.002 0.00498584 0.002)
(0.003 0.00498584 0.002)
(0.004 0.00498584 0.002)
(0.005 0.00498584 0.002)
(0.006 0.00498584 0.002)
(0.007 0.00498584 0.002)
(0.008 0.00498584 0.002)
(0.009 0.00498584 0.002)
(0.01 0.00498584 0.002)
(0.011 0.00498584 0.002)
(0.012 0.00498584 0.002)
(0.013 0.00498584 0.002)
(0.014 0.00498584 0.002)
(0.015 0.00498584 0.002)
(0.016 0.00498584 0.002)
(0.017 0.00498584 0.002)
(0.018 0.00498584 0.002)
(0.019 0.00498584 0.002)
(0.02 0.00498584 0.002)
(0.021 0.00498584 0.002)
(0.022 0.00498584 0.002)
(0.023 0.00498584 0.002)
(0.024 0.00498584 0.002)
(0.025 0.00498584 0.002)
(0.026 0.00498584 0.002)
(0.027 0.00498584 0.002)
(0.028 0.00498584 0.002)
(0.029 0.00498584 0.002)
(0.03 0.00498584 0.002)
(0.031 0.00498584 0.002)
(0.032 0.00498584 0.002)
(0.033 0.00498584 0.002)
(0.034 0.00498584 0.002)
(0.035 0.00498584 0.002)
(0.036 0.00498584 0.002)
(0.037 0.00498584 0.002)
(0.038 0.00498584 0.002)
(0.039 0.00498584 0.002)
(0.04 0.00498584 0.002)
(0.041 0.00498584 0.002)
(0.042 0.00498584 0.002)
(0.043 0.00498584 0.002)
(0.044 0.00498584 0.002)
(0.045 0.00498584 0.002)
(0.046 0.00498584 0.002)
(0.047 0.00498584 0.002)
(0.048 0.00498584 0.002)
(0.049 0.00498584 0.002)
(0.05 0.00498584 0.002)
(0.051 0.00498584 0.002)
(0.052 0.00498584 0.002)
(0.053 0.00498584 0.002)
(0.054 0.00498584 0.002)
(0.055 0.00498584 0.002)
(0.056 0.00498584 0.002)
(0.057 0.00498584 0.002)
(0.058 0.00498584 0.002)
(0.059 0.00498584 0.002)
(0.06 0.00498584 0.002)
(0.061 0.00498584 0.002)
(0.062 0.00498584 0.002)
(0.063 0.00498584 0.002)
(0.064 0.00498584 0.002)
(0.065 0.00498584 0.002)
(0.066 0.00498584 0.002)
(0.067 0.00498584 0.002)
(0.068 0.00498584 0.002)
(0.069 0.00498584 0.002)
(0.07 0.00498584 0.002)
(0.071 0.00498584 0.002)
(0.072 0.00498584 0.002)
(0.073 0.00498584 0.002)
(0.074 0.00498584 0.002)
(0.075 0.00498584 0.002)
(0.076 0.00498584 0.002)
(0.077 0.00498584 0.002)
(0.078 0.00498584 0.002)
(0.079 0.00498584 0.002)
(0.08 0.00498584 0.002)
(0.081 0.00498584 0.002)
(0.082 0.00498584 0.002)
(0.083 0.00498584 0.002)
(0.084 0.00498584 0.002)
(0.085 0.00498584 0.002)
(0.086 0.00498584 0.002)
(0.087 0.00498584 0.002)
(0.088 0.00498584 0.002)
(0.089 0.00498584 0.002)
(0.09 0.00498584 0.002)
(0.091 0.00498584 0.002)
(0.092 0.00498584 0.002)
(0.093 0.00498584 0.002)
(0.094 0.00498584 0.002)
(0.095 0.00498584 0.002)
(0.096 0.00498584 0.002)
(0.097 0.00498584 0.002)
(0.098 0.00498584 0.002)
(0.099 0.00498584 0.002)
(0.1 0.00498584 0.002)
(0 0.005105 0.002)
(0.001 0.005105 0.002)
(0.002 0.005105 0.002)
(0.003 0.005105 0.002)
(0.004 0.005105 0.002)
(0.005 0.005105 0.002)
(0.006 0.005105 0.002)
(0.007 0.005105 0.002)
(0.008 0.005105 0.002)
(0.009 0.005105 0.002)
(0.01 0.005105 0.002)
(0.011 0.005105 0.002)
(0.012 0.005105 0.002)
(0.013 0.005105 0.002)
(0.014 0.005105 0.002)
(0.015 0.005105 0.002)
(0.016 0.005105 0.002)
(0.017 0.005105 0.002)
(0.018 0.005105 0.002)
(0.019 0.005105 0.002)
(0.02 0.005105 0.002)
(0.021 0.005105 0.002)
(0.022 0.005105 0.002)
(0.023 0.005105 0.002)
(0.024 0.005105 0.002)
(0.025 0.005105 0.002)
(0.026 0.005105 0.002)
(0.027 0.005105 0.002)
(0.028 0.005105 0.002)
(0.029 0.005105 0.002)
(0.03 0.005105 0.002)
(0.031 0.005105 0.002)
(0.032 0.005105 0.002)
(0.033 0.005105 0.002)
(0.034 0.005105 0.002)
(0.035 0.005105 0.002)
(0.036 0.005105 0.002)
(0.037 0.005105 0.002)
(0.038 0.005105 0.002)
(0.039 0.005105 0.002)
(0.04 0.005105 0.002)
(0.041 0.005105 0.002)
(0.042 0.005105 0.002)
(0.043 0.005105 0.002)
(0.044 0.005105 0.002)
(0.045 0.005105 0.002)
(0.046 0.005105 0.002)
(0.047 0.005105 0.002)
(0.048 0.005105 0.002)
(0.049 0.005105 0.002)
(0.05 0.005105 0.002)
(0.051 0.005105 0.002)
(0.052 0.005105 0.002)
(0.053 0.005105 0.002)
(0.054 0.005105 0.002)
(0.055 0.005105 0.002)
(0.056 0.005105 0.002)
(0.057 0.005105 0.002)
(0.058 0.005105 0.002)
(0.059 0.005105 0.002)
(0.06 0.005105 0.002)
(0.061 0.005105 0.002)
(0.062 0.005105 0.002)
(0.063 0.005105 0.002)
(0.064 0.005105 0.002)
(0.065 0.005105 0.002)
(0.066 0.005105 0.002)
(0.067 0.005105 0.002)
(0.068 0.005105 0.002)
(0.069 0.005105 0.002)
(0.07 0.005105 0.002)
(0.071 0.005105 0.002)
(0.072 0.005105 0.002)
(0.073 0.005105 0.002)
(0.074 0.005105 0.002)
(0.075 0.005105 0.002)
(0.076 0.005105 0.002)
(0.077 0.005105 0.002)
(0.078 0.005105 0.002)
(0.079 0.005105 0.002)
(0.08 0.005105 0.002)
(0.081 0.005105 0.002)
(0.082 0.005105 0.002)
(0.083 0.005105 0.002)
(0.084 0.005105 0.002)
(0.085 0.005105 0.002)
(0.086 0.005105 0.002)
(0.087 0.005105 0.002)
(0.088 0.005105 0.002)
(0.089 0.005105 0.002)
(0.09 0.005105 0.002)
(0.091 0.005105 0.002)
(0.092 0.005105 0.002)
(0.093 0.005105 0.002)
(0.094 0.005105 0.002)
(0.095 0.005105 0.002)
(0.096 0.005105 0.002)
(0.097 0.005105 0.002)
(0.098 0.005105 0.002)
(0.099 0.005105 0.002)
(0.1 0.005105 0.002)
(0 0.0052302 0.002)
(0.001 0.0052302 0.002)
(0.002 0.0052302 0.002)
(0.003 0.0052302 0.002)
(0.004 0.0052302 0.002)
(0.005 0.0052302 0.002)
(0.006 0.0052302 0.002)
(0.007 0.0052302 0.002)
(0.008 0.0052302 0.002)
(0.009 0.0052302 0.002)
(0.01 0.0052302 0.002)
(0.011 0.0052302 0.002)
(0.012 0.0052302 0.002)
(0.013 0.0052302 0.002)
(0.014 0.0052302 0.002)
(0.015 0.0052302 0.002)
(0.016 0.0052302 0.002)
(0.017 0.0052302 0.002)
(0.018 0.0052302 0.002)
(0.019 0.0052302 0.002)
(0.02 0.0052302 0.002)
(0.021 0.0052302 0.002)
(0.022 0.0052302 0.002)
(0.023 0.0052302 0.002)
(0.024 0.0052302 0.002)
(0.025 0.0052302 0.002)
(0.026 0.0052302 0.002)
(0.027 0.0052302 0.002)
(0.028 0.0052302 0.002)
(0.029 0.0052302 0.002)
(0.03 0.0052302 0.002)
(0.031 0.0052302 0.002)
(0.032 0.0052302 0.002)
(0.033 0.0052302 0.002)
(0.034 0.0052302 0.002)
(0.035 0.0052302 0.002)
(0.036 0.0052302 0.002)
(0.037 0.0052302 0.002)
(0.038 0.0052302 0.002)
(0.039 0.0052302 0.002)
(0.04 0.0052302 0.002)
(0.041 0.0052302 0.002)
(0.042 0.0052302 0.002)
(0.043 0.0052302 0.002)
(0.044 0.0052302 0.002)
(0.045 0.0052302 0.002)
(0.046 0.0052302 0.002)
(0.047 0.0052302 0.002)
(0.048 0.0052302 0.002)
(0.049 0.0052302 0.002)
(0.05 0.0052302 0.002)
(0.051 0.0052302 0.002)
(0.052 0.0052302 0.002)
(0.053 0.0052302 0.002)
(0.054 0.0052302 0.002)
(0.055 0.0052302 0.002)
(0.056 0.0052302 0.002)
(0.057 0.0052302 0.002)
(0.058 0.0052302 0.002)
(0.059 0.0052302 0.002)
(0.06 0.0052302 0.002)
(0.061 0.0052302 0.002)
(0.062 0.0052302 0.002)
(0.063 0.0052302 0.002)
(0.064 0.0052302 0.002)
(0.065 0.0052302 0.002)
(0.066 0.0052302 0.002)
(0.067 0.0052302 0.002)
(0.068 0.0052302 0.002)
(0.069 0.0052302 0.002)
(0.07 0.0052302 0.002)
(0.071 0.0052302 0.002)
(0.072 0.0052302 0.002)
(0.073 0.0052302 0.002)
(0.074 0.0052302 0.002)
(0.075 0.0052302 0.002)
(0.076 0.0052302 0.002)
(0.077 0.0052302 0.002)
(0.078 0.0052302 0.002)
(0.079 0.0052302 0.002)
(0.08 0.0052302 0.002)
(0.081 0.0052302 0.002)
(0.082 0.0052302 0.002)
(0.083 0.0052302 0.002)
(0.084 0.0052302 0.002)
(0.085 0.0052302 0.002)
(0.086 0.0052302 0.002)
(0.087 0.0052302 0.002)
(0.088 0.0052302 0.002)
(0.089 0.0052302 0.002)
(0.09 0.0052302 0.002)
(0.091 0.0052302 0.002)
(0.092 0.0052302 0.002)
(0.093 0.0052302 0.002)
(0.094 0.0052302 0.002)
(0.095 0.0052302 0.002)
(0.096 0.0052302 0.002)
(0.097 0.0052302 0.002)
(0.098 0.0052302 0.002)
(0.099 0.0052302 0.002)
(0.1 0.0052302 0.002)
(0 0.00536176 0.002)
(0.001 0.00536176 0.002)
(0.002 0.00536176 0.002)
(0.003 0.00536176 0.002)
(0.004 0.00536176 0.002)
(0.005 0.00536176 0.002)
(0.006 0.00536176 0.002)
(0.007 0.00536176 0.002)
(0.008 0.00536176 0.002)
(0.009 0.00536176 0.002)
(0.01 0.00536176 0.002)
(0.011 0.00536176 0.002)
(0.012 0.00536176 0.002)
(0.013 0.00536176 0.002)
(0.014 0.00536176 0.002)
(0.015 0.00536176 0.002)
(0.016 0.00536176 0.002)
(0.017 0.00536176 0.002)
(0.018 0.00536176 0.002)
(0.019 0.00536176 0.002)
(0.02 0.00536176 0.002)
(0.021 0.00536176 0.002)
(0.022 0.00536176 0.002)
(0.023 0.00536176 0.002)
(0.024 0.00536176 0.002)
(0.025 0.00536176 0.002)
(0.026 0.00536176 0.002)
(0.027 0.00536176 0.002)
(0.028 0.00536176 0.002)
(0.029 0.00536176 0.002)
(0.03 0.00536176 0.002)
(0.031 0.00536176 0.002)
(0.032 0.00536176 0.002)
(0.033 0.00536176 0.002)
(0.034 0.00536176 0.002)
(0.035 0.00536176 0.002)
(0.036 0.00536176 0.002)
(0.037 0.00536176 0.002)
(0.038 0.00536176 0.002)
(0.039 0.00536176 0.002)
(0.04 0.00536176 0.002)
(0.041 0.00536176 0.002)
(0.042 0.00536176 0.002)
(0.043 0.00536176 0.002)
(0.044 0.00536176 0.002)
(0.045 0.00536176 0.002)
(0.046 0.00536176 0.002)
(0.047 0.00536176 0.002)
(0.048 0.00536176 0.002)
(0.049 0.00536176 0.002)
(0.05 0.00536176 0.002)
(0.051 0.00536176 0.002)
(0.052 0.00536176 0.002)
(0.053 0.00536176 0.002)
(0.054 0.00536176 0.002)
(0.055 0.00536176 0.002)
(0.056 0.00536176 0.002)
(0.057 0.00536176 0.002)
(0.058 0.00536176 0.002)
(0.059 0.00536176 0.002)
(0.06 0.00536176 0.002)
(0.061 0.00536176 0.002)
(0.062 0.00536176 0.002)
(0.063 0.00536176 0.002)
(0.064 0.00536176 0.002)
(0.065 0.00536176 0.002)
(0.066 0.00536176 0.002)
(0.067 0.00536176 0.002)
(0.068 0.00536176 0.002)
(0.069 0.00536176 0.002)
(0.07 0.00536176 0.002)
(0.071 0.00536176 0.002)
(0.072 0.00536176 0.002)
(0.073 0.00536176 0.002)
(0.074 0.00536176 0.002)
(0.075 0.00536176 0.002)
(0.076 0.00536176 0.002)
(0.077 0.00536176 0.002)
(0.078 0.00536176 0.002)
(0.079 0.00536176 0.002)
(0.08 0.00536176 0.002)
(0.081 0.00536176 0.002)
(0.082 0.00536176 0.002)
(0.083 0.00536176 0.002)
(0.084 0.00536176 0.002)
(0.085 0.00536176 0.002)
(0.086 0.00536176 0.002)
(0.087 0.00536176 0.002)
(0.088 0.00536176 0.002)
(0.089 0.00536176 0.002)
(0.09 0.00536176 0.002)
(0.091 0.00536176 0.002)
(0.092 0.00536176 0.002)
(0.093 0.00536176 0.002)
(0.094 0.00536176 0.002)
(0.095 0.00536176 0.002)
(0.096 0.00536176 0.002)
(0.097 0.00536176 0.002)
(0.098 0.00536176 0.002)
(0.099 0.00536176 0.002)
(0.1 0.00536176 0.002)
(0 0.0055 0.002)
(0.001 0.0055 0.002)
(0.002 0.0055 0.002)
(0.003 0.0055 0.002)
(0.004 0.0055 0.002)
(0.005 0.0055 0.002)
(0.006 0.0055 0.002)
(0.007 0.0055 0.002)
(0.008 0.0055 0.002)
(0.009 0.0055 0.002)
(0.01 0.0055 0.002)
(0.011 0.0055 0.002)
(0.012 0.0055 0.002)
(0.013 0.0055 0.002)
(0.014 0.0055 0.002)
(0.015 0.0055 0.002)
(0.016 0.0055 0.002)
(0.017 0.0055 0.002)
(0.018 0.0055 0.002)
(0.019 0.0055 0.002)
(0.02 0.0055 0.002)
(0.021 0.0055 0.002)
(0.022 0.0055 0.002)
(0.023 0.0055 0.002)
(0.024 0.0055 0.002)
(0.025 0.0055 0.002)
(0.026 0.0055 0.002)
(0.027 0.0055 0.002)
(0.028 0.0055 0.002)
(0.029 0.0055 0.002)
(0.03 0.0055 0.002)
(0.031 0.0055 0.002)
(0.032 0.0055 0.002)
(0.033 0.0055 0.002)
(0.034 0.0055 0.002)
(0.035 0.0055 0.002)
(0.036 0.0055 0.002)
(0.037 0.0055 0.002)
(0.038 0.0055 0.002)
(0.039 0.0055 0.002)
(0.04 0.0055 0.002)
(0.041 0.0055 0.002)
(0.042 0.0055 0.002)
(0.043 0.0055 0.002)
(0.044 0.0055 0.002)
(0.045 0.0055 0.002)
(0.046 0.0055 0.002)
(0.047 0.0055 0.002)
(0.048 0.0055 0.002)
(0.049 0.0055 0.002)
(0.05 0.0055 0.002)
(0.051 0.0055 0.002)
(0.052 0.0055 0.002)
(0.053 0.0055 0.002)
(0.054 0.0055 0.002)
(0.055 0.0055 0.002)
(0.056 0.0055 0.002)
(0.057 0.0055 0.002)
(0.058 0.0055 0.002)
(0.059 0.0055 0.002)
(0.06 0.0055 0.002)
(0.061 0.0055 0.002)
(0.062 0.0055 0.002)
(0.063 0.0055 0.002)
(0.064 0.0055 0.002)
(0.065 0.0055 0.002)
(0.066 0.0055 0.002)
(0.067 0.0055 0.002)
(0.068 0.0055 0.002)
(0.069 0.0055 0.002)
(0.07 0.0055 0.002)
(0.071 0.0055 0.002)
(0.072 0.0055 0.002)
(0.073 0.0055 0.002)
(0.074 0.0055 0.002)
(0.075 0.0055 0.002)
(0.076 0.0055 0.002)
(0.077 0.0055 0.002)
(0.078 0.0055 0.002)
(0.079 0.0055 0.002)
(0.08 0.0055 0.002)
(0.081 0.0055 0.002)
(0.082 0.0055 0.002)
(0.083 0.0055 0.002)
(0.084 0.0055 0.002)
(0.085 0.0055 0.002)
(0.086 0.0055 0.002)
(0.087 0.0055 0.002)
(0.088 0.0055 0.002)
(0.089 0.0055 0.002)
(0.09 0.0055 0.002)
(0.091 0.0055 0.002)
(0.092 0.0055 0.002)
(0.093 0.0055 0.002)
(0.094 0.0055 0.002)
(0.095 0.0055 0.002)
(0.096 0.0055 0.002)
(0.097 0.0055 0.002)
(0.098 0.0055 0.002)
(0.099 0.0055 0.002)
(0.1 0.0055 0.002)
)


// ************************************************************************* //
